ADDA,20200622,7,24,2,20,0
ADDC,20200622,2,2,-32,-7,0
ADDE,20200622,-100,969,-100,967,0
ADDN,20200622,-1140,280,-1140,170,0
ADDQ,20200622,-1046,175,-1046,175,0
ADDS,20200622,-97,176,-102,168,0
ADDT,20200622,-2179,448,-2179,365,0
ADDU,20200622,165,356,142,354,0
ADDV,20200622,102,141,102,141,0
ADDX,20200622,7,303,-2,302,0
ADRA,20200622,1.08,1.3,1.02,1.22,0
ADRC,20200622,1.02,1.02,0.76,0.94,0
ADRE,20200622,0.87,2.71,0.87,2.53,0
ADRN,20200622,0.24,1.34,0.24,1.2,0
ADRQ,20200622,0.39,1.14,0.39,1.14,0
ADRS,20200622,0.8,1.27,0.8,1.23,0
ADRT,20200622,0.34,1.21,0.34,1.17,0
ADRU,20200622,1.17,1.23,1.09,1.18,0
ADRV,20200622,1.67,1.67,1.39,1.48,0
ADRX,20200622,1,1.26,0.99,1.26,0
ADVA,20200622,90,107,90,107,202303400
ADVC,20200622,76,127,76,127,49147700
ADVE,20200622,693,1601,693,1597,976798900
ADVN,20200622,360,1082,360,1019,2405132000
ADVQ,20200622,688,1381,688,1379,2536609000
ADVS,20200622,400,885,400,885,232553000
ADVT,20200622,1138,2557,1138,2505,5144045000
ADVU,20200622,1093,2285,1093,2283,4348542000
ADVV,20200622,253,430,253,430,103089000
ADVX,20200622,729,1442,729,1442,384789700
ASHD,20200622,26,851,26,615,0
ASHF,20200622,10,836,-113,754,0
ASHR,20200622,1.38,2.5,0.85,2.22,0
ASHU,20200622,36,1393,36,1369,0
AVDA,20200622,7.64,141.88,6.84,141.55,0
AVDC,20200622,2.73,17.36,2.62,17.16,0
AVDE,20200622,9.28,398.95,9.28,342.52,0
AVDN,20200622,-99.81,485.1,-386.45,362.4,0
AVDQ,20200622,24.2,971.39,-7.99,953.89,0
AVDS,20200622,-2.46,51.72,-5.53,48.34,0
AVDT,20200622,-67.96,1542.06,-375.74,1457.85,0
AVDU,20200622,209.87,3080.8,209.87,3024.97,0
AVDV,20200622,11.64,68.19,11.64,68.19,0
AVDX,20200622,11.9,133.9,11.9,133.7,0
AVLD,20200622,1.26,585.13,1.26,555.78,0
AVLF,20200622,0.84,452.75,0.81,428,0
AVLR,20200622,1.66,2.98,1.06,1.77,0
AVLU,20200622,2.1,983.78,2.1,983.78,0
AVRA,20200622,1.88,3.49,1.34,3.33,0
AVRC,20200622,1.77,2.46,1.17,1.53,0
AVRE,20200622,1.16,2.46,1.14,1.54,0
AVRN,20200622,0.54,1.38,0.54,1.17,0
AVRQ,20200622,1.12,1.88,0.98,1.6,0
AVRS,20200622,0.85,1.75,0.85,1.26,0
AVRT,20200622,0.83,1.63,0.77,1.39,0
AVRU,20200622,1.86,3.32,1.82,3.28,0
AVRV,20200622,3.66,3.66,2.57,2.95,0
AVRX,20200622,1.47,1.95,1.36,1.53,0
AVVA,20200622,16.33,202.3,16.33,202.3,0
AVVC,20200622,6.24,49.14,6.24,49.14,0
AVVE,20200622,65.2,976.79,65.2,976.79,0
AVVN,20200622,118.28,2405.13,118.28,2405.13,0
AVVQ,20200622,221.41,2536.6,221.41,2536.6,0
AVVS,20200622,14.7,232.55,14.7,232.55,0
AVVT,20200622,356.04,5144.04,356.04,5144.04,0
AVVU,20200622,452.51,4403.22,452.51,4348.54,0
AVVV,20200622,16,103.08,16,103.08,0
AVVX,20200622,36.96,384.78,36.96,384.78,0
BANK,20200622,2740.1,2782.81,2720.37,2767.63,0
BCMA,20200622,878,2235,878,2175,0
BCMC,20200622,100.35,101,100.12,100.81,0
BCMD,20200622,2925,2925,1710,1761,0
BCME,20200622,185,297,185,292,0
BCMF,20200622,267,267,214,217,0
BCMG,20200622,24,38,19,33,0
BCMM,20200622,99.13,100.47,99.13,100.47,0
BCMU,20200622,64,74,43,65,0
BDMA,20200622,1486,1558,1486,1558,0
BDMC,20200622,100.3,100.3,100.24,100.29,0
BDMD,20200622,2328,2386,2328,2386,0
BDME,20200622,232,260,232,259,0
BDMF,20200622,226,256,226,255,0
BDMG,20200622,18,26,18,26,0
BDMM,20200622,99.77,99.81,99.76,99.79,0
BDMU,20200622,52,56,52,56,0
BFMA,20200622,2852,2930,2852,2930,0
BFMC,20200622,100.62,100.62,100.44,100.45,0
BFMD,20200622,971,1018,971,1018,0
BFME,20200622,270,296,270,296,0
BFMF,20200622,191,224,191,222,0
BFMG,20200622,15,22,15,22,0
BFMM,20200622,101.88,101.89,101.87,101.87,0
BFMU,20200622,42,51,41,51,0
BGMA,20200622,2020,2100,2020,2100,0
BGMC,20200622,100.96,101.02,100.89,100.92,0
BGMD,20200622,1769,1810,1769,1810,0
BGME,20200622,299,339,299,338,0
BGMF,20200622,154,174,154,173,0
BGMG,20200622,15,21,15,21,0
BGMM,20200622,100.35,100.39,100.35,100.39,0
BGMU,20200622,71,83,71,83,0
BKX,20200622,77.6,78.73,77.15,77.85,0
BWH,20200622,179.39,180.96,178.09,180.96,0
BXD,20200622,289.32,292.3,288.38,291.31,0
BXM,20200622,1271.86,1280.09,1269,1279.89,0
BXN,20200622,638.89,643.38,637.98,643.22,0
CASH,20200622,1,1,1,1,0
CEX,20200622,589.53,595.47,583.53,592.58,0
COMP,20200622,9945.49,10059.61,9916.6,10056.47,0
CPR,20200622,2.6,2.66,2.6,2.65,59633
CYM,20200622,16.87,16.9,16.65,16.84,0
DCFD,20200622,7.81,25,7.81,20.31,0
DCFI,20200622,64.06,70.31,64.06,68.75,0
DCOF,20200622,42.18,51.56,42.18,51.56,0
DCOH,20200622,23.43,29.68,23.43,29.68,0
DCSE,20200622,38423.51,38998.37,38161.93,38913.61,0
DCTH,20200622,23.43,29.68,21.87,29.68,0
DCTW,20200622,10.93,25,10.93,21.87,0
DDA,20200622,37.7,42.63,35.53,35.58,0
DDB,20200622,35.44,36.05,18.44,33.86,0
DECA,20200622,83,96,79,87,60744300
DECC,20200622,74,144,74,134,31983400
DECE,20200622,793,873,539,630,634272900
DECN,20200622,1500,1500,802,849,2042731000
DECQ,20200622,1734,1734,1197,1204,1582716000
DECS,20200622,497,739,497,717,184210200
DECT,20200622,3317,3317,2105,2140,3686191000
DECU,20200622,928,1968,928,1929,1323571000
DECV,20200622,151,300,151,289,34891300
DECX,20200622,722,1173,722,1140,251084900
DIFD,20200622,16.66,40,16.66,30,0
DIFI,20200622,66.66,73.33,66.66,73.33,0
DIOF,20200622,53.33,63.33,53.33,60,0
DIOH,20200622,26.66,33.33,26.66,33.33,0
DITH,20200622,30,33.33,30,33.33,0
DITW,20200622,13.33,33.33,13.33,33.33,0
DIVQ,20200622,3249.62,3299.52,3238.6,3298.24,0
DJC,20200622,8275.24,8343.91,8217.86,8332.6,685096500
DJEC,20200622,1501.52,1523.99,1501.3,1522.79,0
DJI,20200622,25865.08,26059.81,25667.68,26024.96,353008800
DJT,20200622,9014.65,9079.01,8923.55,9061.98,275527500
DJU,20200622,771.58,785.06,766.97,780.42,56560100
DJWO,20200622,402.19,404.04,400.49,403.59,0
DJX,20200622,258.65,260.6,256.68,260.25,0
DLTC,20200622,2558.01,2604.54,2555.8,2603.45,0
DOWE,20200622,1465.11,1474.98,1445.18,1460.36,0
DRCI,20200622,249.36,250.54,246.01,249.95,0
DREI,20200622,348.79,350.53,344.04,349.61,0
DSAE,20200622,1232.51,1243.74,1218.93,1241.23,81457600
DSAF,20200622,867.84,870.5,856.09,866.63,7674800
DSAG,20200622,185.26,186.35,183.41,184.27,26919200
DSAI,20200622,651.34,653.54,640.13,651.29,12135400
DSAL,20200622,36.58,37.81,36.32,37.6,9168100
DSAM,20200622,2023.83,2027.02,2001.85,2023.61,47297900
DSAP,20200622,393.1,393.72,388.66,391.61,112299300
DSAR,20200622,139.03,143.63,138.44,141.5,272668400
DSAS,20200622,1183.58,1194.61,1165.21,1191.77,73878900
DSAT,20200622,392.82,395.33,385.22,392.32,10515200
DSAU,20200622,294.05,295.14,291.07,292.7,96555000
DSAV,20200622,437.36,439.69,429.38,436.77,21950400
DSBC,20200622,1352.15,1359.55,1342.24,1353.39,124018300
DSBD,20200622,936.01,949.71,928.34,948.27,27700200
DSBE,20200622,120.23,122.17,118.97,121.91,2708200
DSBK,20200622,346.81,350.84,344.4,346.98,227947800
DSBM,20200622,355.74,359.55,352.84,358.09,123122100
DSBS,20200622,166.12,168.74,165.57,167.12,82283100
DSBT,20200622,2435.94,2438.33,2402.55,2429.48,85698700
DSBV,20200622,745.56,749.68,740.58,745.48,32290200
DSCA,20200622,621.79,623.7,603.4,616.47,59772100
DSCC,20200622,461.15,465.59,457.05,463.2,14852700
DSCF,20200622,273.86,278.91,269.75,277.43,41214600
DSCG,20200622,986.42,995.29,976.83,994.01,560501100
DSCH,20200622,584.67,591.22,578.25,588.6,40839000
DSCL,20200622,5.79,5.91,5.62,5.77,1744300
DSCM,20200622,610.85,611.2,605.85,608.55,18513300
DSCN,20200622,704.27,714.66,698.13,713.48,34847000
DSCP,20200622,356.7,356.84,351.81,355.42,27749400
DSCR,20200622,4405.95,4497.45,4405.94,4492.47,85695100
DSCS,20200622,1635.08,1647.24,1615.32,1641.54,19458300
DSCT,20200622,1205.91,1218.18,1199.86,1210.95,48453100
DSCX,20200622,852.22,863.23,840.81,860.07,25986300
DSCY,20200622,1166.2,1176.14,1161.6,1175.62,925731400
DSDB,20200622,523.77,526.31,517.44,525.76,1874900
DSDN,20200622,427.6,431.74,424.16,430.7,7578700
DSDR,20200622,675.49,679.96,671.8,677.9,29623700
DSDS,20200622,352.96,357.63,349.28,356.68,6832200
DSDT,20200622,58.88,58.88,57.16,58.63,12689700
DSDV,20200622,155.34,156.23,154.43,155.42,23499400
DSEC,20200622,332.39,335.9,328.4,335.32,22171900
DSEE,20200622,424.16,426.9,417.93,425.81,34307300
DSEH,20200622,43.9,44.27,42.43,43.82,528900
DSEN,20200622,322.21,324.89,317.1,324.04,314696500
DSES,20200622,214.35,216.4,211.86,216.06,2270100
DSEU,20200622,270.14,275.3,268.07,273.88,71158100
DSFA,20200622,647.09,660.89,646.37,659.17,53644100
DSFB,20200622,606.03,608.52,602.65,605.5,83887600
DSFC,20200622,137.26,137.95,136.63,137.08,29536100
DSFD,20200622,494.26,498.37,493.06,497.15,22257300
DSFE,20200622,622.74,630.36,617.15,627.76,24907100
DSFH,20200622,246.38,247.86,241.57,246.75,3419500
DSFI,20200622,1130.21,1142.57,1122.88,1137.63,137349400
DSFN,20200622,553.25,557.41,549.24,555.36,759620500
DSFO,20200622,372.65,373.63,370.05,371.94,51597400
DSFP,20200622,515.61,516.98,512.01,514.64,51597400
DSFR,20200622,101.6,101.6,99.04,99.27,1652500
DSFT,20200622,1736.19,1800.82,1736.19,1800.59,9642700
DSFV,20200622,605.41,611.72,601.55,607.89,0
DSGF,20200622,1267,1280.88,1258.8,1275.34,137349400
DSGI,20200622,387.7,387.76,381.84,385.8,115387100
DSGT,20200622,1875.79,1899.62,1873.61,1899.5,181030700
DSGU,20200622,254.4,258.29,251.46,256.75,5801400
DSHB,20200622,913.83,923.69,900.31,921.12,11058000
DSHC,20200622,1101.89,1102.99,1089.71,1101.37,247985800
DSHD,20200622,208.8,211.43,206.68,210.67,4573900
DSHG,20200622,746.88,748.08,740.92,743.38,28802800
DSHI,20200622,510.18,518.2,509.67,516.71,10228500
DSHL,20200622,58.8,58.89,56.67,58.11,45585900
DSHN,20200622,965.21,966.69,954.08,957.03,9751100
DSHP,20200622,2122.55,2130.84,2093.65,2126.1,36139600
DSHR,20200622,1886.59,1896.51,1864.76,1891.6,12762200
DSHV,20200622,387.51,393.81,381.26,392.53,7146800
DSIB,20200622,381.21,391.3,381.21,388.78,4286100
DSID,20200622,408.65,408.69,402.18,406.45,87637600
DSIF,20200622,31.17,31.62,30.84,31.35,7771600
DSIG,20200622,781.67,789.2,774.78,787.08,377610300
DSIL,20200622,576.36,581.19,569.05,576,27408400
DSIM,20200622,145.12,147.7,144.19,146.79,64139100
DSIN,20200622,727.06,734.37,720.74,732.46,412457300
DSIO,20200622,103.08,104.26,101.42,104.2,52954800
DSIP,20200622,772.24,780.66,767.58,775.63,23967900
DSIQ,20200622,1856.8,1873.6,1838.84,1867.21,37669300
DSIR,20200622,549.25,554.2,546.99,551.97,70594500
DSIS,20200622,670.01,682.25,668.11,680.71,83552000
DSIT,20200622,1048.63,1053.03,1036.49,1050.68,25236600
DSIU,20200622,229.31,231.8,228.24,229.87,7160400
DSIV,20200622,746.95,757.42,741.79,754.95,15015800
DSIX,20200622,533.97,539.1,532.46,537.07,43186100
DSLE,20200622,760.57,763.91,757.1,760.89,43751300
DSLG,20200622,1514.62,1534.69,1493.84,1527.03,13318300
DSLW,20200622,1059.06,1068.61,1051.29,1066.43,0
DSMC,20200622,1681.59,1685.35,1661.87,1682.52,91258900
DSME,20200622,903.32,907.82,896.78,904.85,154575700
DSMF,20200622,6.04,6.19,5.94,6.17,11163500
DSMG,20200622,121.56,124.92,120.95,121.74,16491500
DSMR,20200622,32.96,33.11,32.37,33.06,82768700
DSMS,20200622,940.29,945.17,929.68,940.3,7821200
DSMT,20200622,178.9,179.75,177.03,179.62,361800
DSMU,20200622,193.59,196.8,192.79,195.49,20315600
DSNC,20200622,642.24,643.64,638.56,642.34,348974200
DSNF,20200622,140.46,145.81,140.46,144.34,17152700
DSNG,20200622,789.38,792.44,785.24,790.67,152787100
DSNS,20200622,2199.25,2224.59,2192.94,2224.17,96305100
DSOG,20200622,365.62,368.62,359.72,367.61,199879700
DSOI,20200622,122.9,123.56,120.77,123.27,75897600
DSOL,20200622,352.09,355.66,348.05,355.63,53517400
DSOQ,20200622,203.64,205.58,200.67,205.13,114181400
DSOS,20200622,400.22,402.74,391.22,399.88,146362300
DSPB,20200622,412.51,419.44,409.15,418.26,8606800
DSPC,20200622,290.99,295.96,288.4,295.57,5351500
DSPG,20200622,637.23,646.77,634.25,646.28,69370600
DSPL,20200622,465.33,471.42,458.76,470.36,38283700
DSPM,20200622,131.1,134.73,130.44,131.3,14747100
DSPN,20200622,862.17,862.23,852.64,860.96,156726900
DSPP,20200622,83.97,83.97,81.86,82.04,1652500
DSPR,20200622,589.54,590.15,583.74,589.34,71028200
DSRA,20200622,823.29,833.28,814.98,825.96,70245100
DSRB,20200622,2710.98,2740.58,2698.12,2740.39,46661200
DSRD,20200622,748.42,749.48,736.49,745.88,7366300
DSRE,20200622,313.43,314.79,309.19,314.11,323728700
DSRH,20200622,450.25,454.38,444.62,453.63,2799100
DSRI,20200622,129.17,129.74,127.39,129.41,320929600
DSRL,20200622,63.07,64.31,62.05,64.19,34849800
DSRN,20200622,201.33,203.91,198.41,202.18,16605600
DSRP,20200622,443.36,451.83,438.15,450.43,2836100
DSRQ,20200622,68.49,68.63,65.67,67.28,147790300
DSRR,20200622,2275.24,2291.46,2249.38,2289.67,8337700
DSRS,20200622,2043.45,2089.13,2041.63,2088.77,34437400
DSRT,20200622,1635.1,1654.45,1632.68,1654.35,210654500
DSRU,20200622,1745.76,1766.81,1735.04,1763.77,27533800
DSSB,20200622,1149.13,1159.19,1143.55,1154.22,38428700
DSSC,20200622,4635.38,4700.93,4599.26,4691.07,157539700
DSSD,20200622,691.44,696.03,687.12,691.61,28631700
DSSF,20200622,375.81,382.39,373.84,380.55,50124000
DSSP,20200622,374.74,376.18,371.14,375.19,10713900
DSSR,20200622,232.15,232.82,229.11,231.24,75474700
DSST,20200622,181.43,182.79,179.56,181.8,37818100
DSSV,20200622,3417.16,3475.91,3414.35,3475.05,325288100
DSSW,20200622,3704.65,3788.53,3699.83,3787.28,205483500
DSTB,20200622,562.45,564.09,557.53,558.82,10862300
DSTC,20200622,2727.65,2772.66,2724.48,2771.67,616976000
DSTK,20200622,950.3,950.3,936.04,937.71,5646400
DSTL,20200622,168.27,169.25,167.71,167.79,47759900
DSTP,20200622,758.84,765.77,755.71,765.02,0
DSTQ,20200622,2328.68,2367.12,2323.99,2363.92,291687900
DSTR,20200622,30.34,30.59,29.46,30.31,5229100
DSTS,20200622,189.74,192.08,186.44,191.56,3215600
DSTT,20200622,560.9,567.22,551.9,566.42,39418000
DSTY,20200622,1133.63,1140.71,1124.45,1130.58,40915100
DSUO,20200622,278.8,282.97,277.29,281.26,28829500
DSUT,20200622,281.69,286.77,279.78,285.22,99987700
DSVE,20200622,270.46,275.64,268.4,274.22,71158100
DSVN,20200622,419.44,419.98,414.25,417.53,1783400
DSWC,20200622,386.91,389.84,385.08,385.33,18223800
DSWU,20200622,2709.02,2737.99,2695.36,2718.51,2712500
DTCI,20200622,1575.8,1583.24,1554.67,1579.54,0
DTEI,20200622,1934.32,1935.98,1900.16,1930.94,0
DTFD,20200622,0.01,15,0.01,10,0
DTFI,20200622,85,90,80,90,0
DTFX,20200622,122.04,122.82,121.95,122.77,0
DTOF,20200622,50,60,50,60,0
DTOH,20200622,25,30,25,30,0
DTTH,20200622,15,30,10,30,0
DTTW,20200622,10,30,5,15,0
DTWC,20200622,19130.57,19257.98,18968.92,19232.01,0
DTWI,20200622,59201.17,59630.91,58741.26,59552.42,0
DTWT,20200622,14758.28,14759.63,14507.58,14732.63,0
DTWU,20200622,3450.81,3515.49,3434.63,3494.74,0
DUBS,20200622,64.8,64.91,64.49,64.83,0
DUFD,20200622,0.01,20,0.01,13.33,0
DUFI,20200622,33.33,40,33.33,33.33,0
DUOF,20200622,6.66,20,6.66,20,0
DUOH,20200622,13.33,20,13.33,20,0
DUSL,20200622,675.89,682.12,673.41,681.57,0
DUSM,20200622,1089.17,1099.08,1082.45,1096.72,0
DUSS,20200622,1009.81,1018.74,1000.04,1016.88,0
DUTH,20200622,20,20,20,20,0
DUTW,20200622,6.66,6.66,6.66,6.66,0
DVCA,20200622,8.68,79.38,8.68,60.74,0
DVCC,20200622,3.51,32.89,3.51,31.98,0
DVCE,20200622,55.91,634.27,55.91,634.27,0
DVCN,20200622,218.1,2042.73,218.1,2042.73,0
DVCQ,20200622,197.21,1582.71,197.21,1582.71,0
DVCS,20200622,17.17,184.21,17.17,184.21,0
DVCT,20200622,424,3686.19,424,3686.19,0
DVCU,20200622,242.63,1741.63,242.63,1323.57,0
DVCV,20200622,4.36,37.28,4.36,34.89,0
DVCX,20200622,25.05,251.13,25.05,251.08,0
DVS,20200622,145.6,145.6,145.6,145.6,0
DWCB,20200622,4072.52,4122.77,4044.42,4081.41,0
DXY,20200622,97.61,97.73,96.88,96.89,0
EVZ,20200622,8.03,8.59,7.98,7.98,0
FBV,20200622,23.7,23.72,23.68,23.71,0
FVX,20200622,0.33,0.33,0.31,0.33,0
GLD,20200622,1742.29,1761.96,1742.29,1754.31,197887
GMI,20200622,33.64,35.18,33.64,34.75,0
GNX,20200622,327.64,330.73,325.74,330.63,0
GVZ,20200622,20.71,20.81,19.14,19.55,0
HGX,20200622,308.27,312.85,305.38,312.65,0
HIGA,20200622,3,3,3,3,0
HIGC,20200622,1,1,1,1,0
HIGD,20200622,0.01,0.01,0.01,0.01,0
HIGE,20200622,80,80,80,80,0
HIGN,20200622,36,36,36,36,0
HIGQ,20200622,97,97,97,97,0
HIGS,20200622,19,19,19,19,0
HIGU,20200622,108,108,108,108,0
HIGV,20200622,2,2,2,2,0
HUI,20200622,273.38,281.62,273.26,277.45,0
HVX,20200622,92.23,93.17,90.95,93.02,0
IDX,20200622,1778.27,1793.83,1757.44,1790.34,556928700
INDS,20200622,7556.29,7617.58,7535.05,7616.5,0
INSR,20200622,8081.97,8182.17,8064.85,8149.22,0
IQX,20200622,4172.26,4188.35,4123.21,4178.9,0
IQZ,20200622,9972.14,10068.97,9859.92,10057,0
IRX,20200622,0.14,0.14,0.14,0.14,0
IVX,20200622,1078.43,1083.31,1070.52,1080.72,0
IXB,20200622,591.63,596.77,586.86,594.31,0
IXCO,20200622,6786.04,6904.36,6775.85,6900.51,0
IXE,20200622,407.86,412.83,402.76,411.79,0
IXF,20200622,4422.75,4440.1,4384.4,4415.92,0
IXHC,20200622,1027.13,1032.85,1014.96,1030.03,0
IXI,20200622,692.26,697.9,685.12,695.87,0
IXM,20200622,292.34,294.5,290.44,292.63,0
IXR,20200622,595.76,596.95,592.54,594.5,0
IXTC,20200622,420.59,425.15,420.08,421.95,0
IXU,20200622,576.48,587.08,572.41,583.79,0
IXV,20200622,1012.36,1012.36,1000.7,1010.79,0
IXY,20200622,1284.18,1298.04,1276.19,1297.1,0
JX,20200622,572.32,578.29,571.93,577.44,73869000
KDX,20200622,79.88,81.07,78.92,80.97,0
KIX,20200622,237.35,239.87,235.95,238.22,0
KLX,20200622,27.66,28.01,27.64,27.88,0
KPX,20200622,633.15,639.26,628.64,635.81,0
KRX,20200622,72.93,74.17,72.16,73.5,0
KSX,20200622,365.73,367.96,363.55,365.93,0
KYX,20200622,49.62,49.66,48.54,49.57,0
LOWA,20200622,0.01,0.01,0.01,0.01,0
LOWC,20200622,0.01,0.01,0.01,0.01,0
LOWD,20200622,0.01,0.01,0.01,0.01,0
LOWE,20200622,10,10,10,10,0
LOWN,20200622,3,3,3,3,0
LOWQ,20200622,5,5,5,5,0
LOWS,20200622,1,1,1,1,0
LOWU,20200622,24,24,24,24,0
LOWV,20200622,0.01,0.01,0.01,0.01,0
M1DA,20200622,5,5,5,5,18600
M1DB,20200622,-2,-2,-2,-2,2800
M1DC,20200622,-124,-124,-124,-124,192500
M1DE,20200622,147,147,147,147,185400
M1DF,20200622,0.01,0.01,0.01,0.01,6000
M1DG,20200622,-11,-11,-11,-11,98200
M1DH,20200622,6,6,6,6,346800
M1DI,20200622,-4,-4,-4,-4,7200
M1DJ,20200622,-6,-6,-6,-6,2800
M1DK,20200622,4,4,4,4,7100
M1DL,20200622,-73,-73,-73,-73,294900
M1DM,20200622,0.01,0.01,0.01,0.01,3300
M1DN,20200622,-141,-141,-141,-141,189900
M1DO,20200622,5,5,5,5,10000
M1DP,20200622,-16,-16,-16,-16,49800
M1DQ,20200622,69,69,69,69,260400
M1DR,20200622,-6,-6,-6,-6,3100
M1DS,20200622,3,3,3,3,6100
M1DT,20200622,-2,-2,-2,-2,2600
M1DU,20200622,-23,-23,-23,-23,250500
M1DV,20200622,-44,-44,-44,-44,391200
M1DW,20200622,1,1,1,1,2600
M1DX,20200622,-67,-67,-67,-67,468900
M1DY,20200622,-3,-3,-3,-3,6300
M1DZ,20200622,-139,-139,-139,-139,282400
M1HA,20200622,16,16,16,16,18600
M1HB,20200622,0.01,0.01,0.01,0.01,2800
M1HC,20200622,113,113,113,113,192500
M1HE,20200622,182,182,182,182,185400
M1HF,20200622,0.01,0.01,0.01,0.01,6000
M1HG,20200622,63,63,63,63,98200
M1HH,20200622,252,252,252,252,346800
M1HI,20200622,1,1,1,1,7200
M1HJ,20200622,0.01,0.01,0.01,0.01,2800
M1HK,20200622,6,6,6,6,7100
M1HL,20200622,100,100,100,100,294900
M1HM,20200622,0.01,0.01,0.01,0.01,3300
M1HN,20200622,83,83,83,83,189900
M1HO,20200622,8,8,8,8,10000
M1HP,20200622,22,22,22,22,49800
M1HQ,20200622,253,253,253,253,260400
M1HR,20200622,0.01,0.01,0.01,0.01,3100
M1HS,20200622,6,6,6,6,6100
M1HT,20200622,0.01,0.01,0.01,0.01,2600
M1HU,20200622,53,53,53,53,250500
M1HV,20200622,299,299,299,299,391200
M1HW,20200622,4,4,4,4,2600
M1HX,20200622,352,352,352,352,468900
M1HY,20200622,5,5,5,5,6300
M1HZ,20200622,169,169,169,169,282400
M1LA,20200622,11,11,11,11,18600
M1LB,20200622,2,2,2,2,2800
M1LC,20200622,237,237,237,237,192500
M1LE,20200622,35,35,35,35,185400
M1LF,20200622,0.01,0.01,0.01,0.01,6000
M1LG,20200622,74,74,74,74,98200
M1LH,20200622,246,246,246,246,346800
M1LI,20200622,5,5,5,5,7200
M1LJ,20200622,6,6,6,6,2800
M1LK,20200622,2,2,2,2,7100
M1LL,20200622,173,173,173,173,294900
M1LM,20200622,0.01,0.01,0.01,0.01,3300
M1LN,20200622,224,224,224,224,189900
M1LO,20200622,3,3,3,3,10000
M1LP,20200622,38,38,38,38,49800
M1LQ,20200622,184,184,184,184,260400
M1LR,20200622,6,6,6,6,3100
M1LS,20200622,3,3,3,3,6100
M1LT,20200622,2,2,2,2,2600
M1LU,20200622,76,76,76,76,250500
M1LV,20200622,343,343,343,343,391200
M1LW,20200622,3,3,3,3,2600
M1LX,20200622,419,419,419,419,468900
M1LY,20200622,8,8,8,8,6300
M1LZ,20200622,308,308,308,308,282400
M3DA,20200622,14,14,14,14,18600
M3DB,20200622,0.01,0.01,0.01,0.01,2800
M3DC,20200622,86,86,86,86,192500
M3DE,20200622,148,148,148,148,185400
M3DF,20200622,0.01,0.01,0.01,0.01,6000
M3DG,20200622,54,54,54,54,98200
M3DH,20200622,213,213,213,213,346800
M3DI,20200622,1,1,1,1,7200
M3DJ,20200622,0.01,0.01,0.01,0.01,2800
M3DK,20200622,6,6,6,6,7100
M3DL,20200622,62,62,62,62,294900
M3DM,20200622,0.01,0.01,0.01,0.01,3300
M3DN,20200622,59,59,59,59,189900
M3DO,20200622,7,7,7,7,10000
M3DP,20200622,17,17,17,17,49800
M3DQ,20200622,202,202,202,202,260400
M3DR,20200622,0.01,0.01,0.01,0.01,3100
M3DS,20200622,4,4,4,4,6100
M3DT,20200622,0.01,0.01,0.01,0.01,2600
M3DU,20200622,33,33,33,33,250500
M3DV,20200622,242,242,242,242,391200
M3DW,20200622,3,3,3,3,2600
M3DX,20200622,275,275,275,275,468900
M3DY,20200622,3,3,3,3,6300
M3DZ,20200622,133,133,133,133,282400
M3HA,20200622,14,14,14,14,18600
M3HB,20200622,0.01,0.01,0.01,0.01,2800
M3HC,20200622,96,96,96,96,192500
M3HE,20200622,161,161,161,161,185400
M3HF,20200622,0.01,0.01,0.01,0.01,6000
M3HG,20200622,54,54,54,54,98200
M3HH,20200622,217,217,217,217,346800
M3HI,20200622,1,1,1,1,7200
M3HJ,20200622,0.01,0.01,0.01,0.01,2800
M3HK,20200622,6,6,6,6,7100
M3HL,20200622,76,76,76,76,294900
M3HM,20200622,0.01,0.01,0.01,0.01,3300
M3HN,20200622,69,69,69,69,189900
M3HO,20200622,7,7,7,7,10000
M3HP,20200622,17,17,17,17,49800
M3HQ,20200622,210,210,210,210,260400
M3HR,20200622,0.01,0.01,0.01,0.01,3100
M3HS,20200622,4,4,4,4,6100
M3HT,20200622,0.01,0.01,0.01,0.01,2600
M3HU,20200622,37,37,37,37,250500
M3HV,20200622,256,256,256,256,391200
M3HW,20200622,3,3,3,3,2600
M3HX,20200622,293,293,293,293,468900
M3HY,20200622,3,3,3,3,6300
M3HZ,20200622,143,143,143,143,282400
M3LA,20200622,0.01,0.01,0.01,0.01,18600
M3LB,20200622,0.01,0.01,0.01,0.01,2800
M3LC,20200622,10,10,10,10,192500
M3LE,20200622,13,13,13,13,185400
M3LF,20200622,0.01,0.01,0.01,0.01,6000
M3LG,20200622,0.01,0.01,0.01,0.01,98200
M3LH,20200622,4,4,4,4,346800
M3LI,20200622,0.01,0.01,0.01,0.01,7200
M3LJ,20200622,0.01,0.01,0.01,0.01,2800
M3LK,20200622,0.01,0.01,0.01,0.01,7100
M3LL,20200622,14,14,14,14,294900
M3LM,20200622,0.01,0.01,0.01,0.01,3300
M3LN,20200622,10,10,10,10,189900
M3LO,20200622,0.01,0.01,0.01,0.01,10000
M3LP,20200622,0.01,0.01,0.01,0.01,49800
M3LQ,20200622,8,8,8,8,260400
M3LR,20200622,0.01,0.01,0.01,0.01,3100
M3LS,20200622,0.01,0.01,0.01,0.01,6100
M3LT,20200622,0.01,0.01,0.01,0.01,2600
M3LU,20200622,4,4,4,4,250500
M3LV,20200622,14,14,14,14,391200
M3LW,20200622,0.01,0.01,0.01,0.01,2600
M3LX,20200622,18,18,18,18,468900
M3LY,20200622,0.01,0.01,0.01,0.01,6300
M3LZ,20200622,10,10,10,10,282400
M5DA,20200622,-22,-22,-22,-22,18600
M5DB,20200622,-16,-16,-16,-16,2800
M5DC,20200622,-751,-751,-751,-751,192500
M5DE,20200622,-264,-264,-264,-264,185400
M5DF,20200622,-31,-31,-31,-31,6000
M5DG,20200622,-432,-432,-432,-432,98200
M5DH,20200622,-891,-891,-891,-891,346800
M5DI,20200622,-56,-56,-56,-56,7200
M5DJ,20200622,-22,-22,-22,-22,2800
M5DK,20200622,-21,-21,-21,-21,7100
M5DL,20200622,-467,-467,-467,-467,294900
M5DM,20200622,-11,-11,-11,-11,3300
M5DN,20200622,-910,-910,-910,-910,189900
M5DO,20200622,-40,-40,-40,-40,10000
M5DP,20200622,-247,-247,-247,-247,49800
M5DQ,20200622,-426,-426,-426,-426,260400
M5DR,20200622,-23,-23,-23,-23,3100
M5DS,20200622,-13,-13,-13,-13,6100
M5DT,20200622,-15,-15,-15,-15,2600
M5DU,20200622,-238,-238,-238,-238,250500
M5DV,20200622,-1120,-1120,-1120,-1120,391200
M5DW,20200622,-9,-9,-9,-9,2600
M5DX,20200622,-1358,-1358,-1358,-1358,468900
M5DY,20200622,-30,-30,-30,-30,6300
M5DZ,20200622,-1174,-1174,-1174,-1174,282400
M5HA,20200622,42,42,42,42,18600
M5HB,20200622,2,2,2,2,2800
M5HC,20200622,241,241,241,241,192500
M5HE,20200622,427,427,427,427,185400
M5HF,20200622,2,2,2,2,6000
M5HG,20200622,119,119,119,119,98200
M5HH,20200622,452,452,452,452,346800
M5HI,20200622,2,2,2,2,7200
M5HJ,20200622,2,2,2,2,2800
M5HK,20200622,11,11,11,11,7100
M5HL,20200622,285,285,285,285,294900
M5HM,20200622,2,2,2,2,3300
M5HN,20200622,192,192,192,192,189900
M5HO,20200622,11,11,11,11,10000
M5HP,20200622,46,46,46,46,49800
M5HQ,20200622,503,503,503,503,260400
M5HR,20200622,0.01,0.01,0.01,0.01,3100
M5HS,20200622,9,9,9,9,6100
M5HT,20200622,0.01,0.01,0.01,0.01,2600
M5HU,20200622,129,129,129,129,250500
M5HV,20200622,608,608,608,608,391200
M5HW,20200622,4,4,4,4,2600
M5HX,20200622,737,737,737,737,468900
M5HY,20200622,12,12,12,12,6300
M5HZ,20200622,346,346,346,346,282400
M5LA,20200622,64,64,64,64,18600
M5LB,20200622,18,18,18,18,2800
M5LC,20200622,992,992,992,992,192500
M5LE,20200622,691,691,691,691,185400
M5LF,20200622,33,33,33,33,6000
M5LG,20200622,551,551,551,551,98200
M5LH,20200622,1343,1343,1343,1343,346800
M5LI,20200622,58,58,58,58,7200
M5LJ,20200622,24,24,24,24,2800
M5LK,20200622,32,32,32,32,7100
M5LL,20200622,752,752,752,752,294900
M5LM,20200622,13,13,13,13,3300
M5LN,20200622,1102,1102,1102,1102,189900
M5LO,20200622,51,51,51,51,10000
M5LP,20200622,293,293,293,293,49800
M5LQ,20200622,929,929,929,929,260400
M5LR,20200622,23,23,23,23,3100
M5LS,20200622,22,22,22,22,6100
M5LT,20200622,15,15,15,15,2600
M5LU,20200622,367,367,367,367,250500
M5LV,20200622,1728,1728,1728,1728,391200
M5LW,20200622,13,13,13,13,2600
M5LX,20200622,2095,2095,2095,2095,468900
M5LY,20200622,42,42,42,42,6300
M5LZ,20200622,1520,1520,1520,1520,282400
M6DA,20200622,11,11,11,11,18600
M6DB,20200622,0.01,0.01,0.01,0.01,2800
M6DC,20200622,50,50,50,50,192500
M6DE,20200622,63,63,63,63,185400
M6DF,20200622,0.01,0.01,0.01,0.01,6000
M6DG,20200622,42,42,42,42,98200
M6DH,20200622,139,139,139,139,346800
M6DI,20200622,0.01,0.01,0.01,0.01,7200
M6DJ,20200622,0.01,0.01,0.01,0.01,2800
M6DK,20200622,4,4,4,4,7100
M6DL,20200622,34,34,34,34,294900
M6DM,20200622,0.01,0.01,0.01,0.01,3300
M6DN,20200622,38,38,38,38,189900
M6DO,20200622,5,5,5,5,10000
M6DP,20200622,12,12,12,12,49800
M6DQ,20200622,124,124,124,124,260400
M6DR,20200622,0.01,0.01,0.01,0.01,3100
M6DS,20200622,4,4,4,4,6100
M6DT,20200622,0.01,0.01,0.01,0.01,2600
M6DU,20200622,6,6,6,6,250500
M6DV,20200622,167,167,167,167,391200
M6DW,20200622,3,3,3,3,2600
M6DX,20200622,173,173,173,173,468900
M6DY,20200622,1,1,1,1,6300
M6DZ,20200622,88,88,88,88,282400
M6HA,20200622,11,11,11,11,18600
M6HB,20200622,0.01,0.01,0.01,0.01,2800
M6HC,20200622,58,58,58,58,192500
M6HE,20200622,74,74,74,74,185400
M6HF,20200622,0.01,0.01,0.01,0.01,6000
M6HG,20200622,42,42,42,42,98200
M6HH,20200622,142,142,142,142,346800
M6HI,20200622,0.01,0.01,0.01,0.01,7200
M6HJ,20200622,0.01,0.01,0.01,0.01,2800
M6HK,20200622,4,4,4,4,7100
M6HL,20200622,41,41,41,41,294900
M6HM,20200622,0.01,0.01,0.01,0.01,3300
M6HN,20200622,43,43,43,43,189900
M6HO,20200622,5,5,5,5,10000
M6HP,20200622,12,12,12,12,49800
M6HQ,20200622,129,129,129,129,260400
M6HR,20200622,0.01,0.01,0.01,0.01,3100
M6HS,20200622,4,4,4,4,6100
M6HT,20200622,0.01,0.01,0.01,0.01,2600
M6HU,20200622,8,8,8,8,250500
M6HV,20200622,175,175,175,175,391200
M6HW,20200622,3,3,3,3,2600
M6HX,20200622,183,183,183,183,468900
M6HY,20200622,1,1,1,1,6300
M6HZ,20200622,96,96,96,96,282400
M6LA,20200622,0.01,0.01,0.01,0.01,18600
M6LB,20200622,0.01,0.01,0.01,0.01,2800
M6LC,20200622,8,8,8,8,192500
M6LE,20200622,11,11,11,11,185400
M6LF,20200622,0.01,0.01,0.01,0.01,6000
M6LG,20200622,0.01,0.01,0.01,0.01,98200
M6LH,20200622,3,3,3,3,346800
M6LI,20200622,0.01,0.01,0.01,0.01,7200
M6LJ,20200622,0.01,0.01,0.01,0.01,2800
M6LK,20200622,0.01,0.01,0.01,0.01,7100
M6LL,20200622,7,7,7,7,294900
M6LM,20200622,0.01,0.01,0.01,0.01,3300
M6LN,20200622,5,5,5,5,189900
M6LO,20200622,0.01,0.01,0.01,0.01,10000
M6LP,20200622,0.01,0.01,0.01,0.01,49800
M6LQ,20200622,5,5,5,5,260400
M6LR,20200622,0.01,0.01,0.01,0.01,3100
M6LS,20200622,0.01,0.01,0.01,0.01,6100
M6LT,20200622,0.01,0.01,0.01,0.01,2600
M6LU,20200622,2,2,2,2,250500
M6LV,20200622,8,8,8,8,391200
M6LW,20200622,0.01,0.01,0.01,0.01,2600
M6LX,20200622,10,10,10,10,468900
M6LY,20200622,0.01,0.01,0.01,0.01,6300
M6LZ,20200622,8,8,8,8,282400
MADA,20200622,6,6,6,6,18600
MADB,20200622,0.01,0.01,0.01,0.01,2800
MADC,20200622,38,38,38,38,192500
MADE,20200622,58,58,58,58,185400
MADF,20200622,0.01,0.01,0.01,0.01,6000
MADG,20200622,37,37,37,37,98200
MADH,20200622,116,116,116,116,346800
MADI,20200622,0.01,0.01,0.01,0.01,7200
MADJ,20200622,0.01,0.01,0.01,0.01,2800
MADK,20200622,4,4,4,4,7100
MADL,20200622,21,21,21,21,294900
MADM,20200622,0.01,0.01,0.01,0.01,3300
MADN,20200622,32,32,32,32,189900
MADO,20200622,5,5,5,5,10000
MADP,20200622,12,12,12,12,49800
MADQ,20200622,99,99,99,99,260400
MADR,20200622,0.01,0.01,0.01,0.01,3100
MADS,20200622,4,4,4,4,6100
MADT,20200622,0.01,0.01,0.01,0.01,2600
MADU,20200622,6,6,6,6,250500
MADV,20200622,131,131,131,131,391200
MADW,20200622,3,3,3,3,2600
MADX,20200622,137,137,137,137,468900
MADY,20200622,1,1,1,1,6300
MADZ,20200622,74,74,74,74,282400
MAHA,20200622,6,6,6,6,18600
MAHB,20200622,0.01,0.01,0.01,0.01,2800
MAHC,20200622,46,46,46,46,192500
MAHE,20200622,68,68,68,68,185400
MAHF,20200622,0.01,0.01,0.01,0.01,6000
MAHG,20200622,37,37,37,37,98200
MAHH,20200622,119,119,119,119,346800
MAHI,20200622,0.01,0.01,0.01,0.01,7200
MAHJ,20200622,0.01,0.01,0.01,0.01,2800
MAHK,20200622,4,4,4,4,7100
MAHL,20200622,27,27,27,27,294900
MAHM,20200622,0.01,0.01,0.01,0.01,3300
MAHN,20200622,36,36,36,36,189900
MAHO,20200622,5,5,5,5,10000
MAHP,20200622,12,12,12,12,49800
MAHQ,20200622,104,104,104,104,260400
MAHR,20200622,0.01,0.01,0.01,0.01,3100
MAHS,20200622,4,4,4,4,6100
MAHT,20200622,0.01,0.01,0.01,0.01,2600
MAHU,20200622,7,7,7,7,250500
MAHV,20200622,139,139,139,139,391200
MAHW,20200622,3,3,3,3,2600
MAHX,20200622,146,146,146,146,468900
MAHY,20200622,1,1,1,1,6300
MAHZ,20200622,82,82,82,82,282400
MALA,20200622,0.01,0.01,0.01,0.01,18600
MALB,20200622,0.01,0.01,0.01,0.01,2800
MALC,20200622,8,8,8,8,192500
MALE,20200622,10,10,10,10,185400
MALF,20200622,0.01,0.01,0.01,0.01,6000
MALG,20200622,0.01,0.01,0.01,0.01,98200
MALH,20200622,3,3,3,3,346800
MALI,20200622,0.01,0.01,0.01,0.01,7200
MALJ,20200622,0.01,0.01,0.01,0.01,2800
MALK,20200622,0.01,0.01,0.01,0.01,7100
MALL,20200622,6,6,6,6,294900
MALM,20200622,0.01,0.01,0.01,0.01,3300
MALN,20200622,4,4,4,4,189900
MALO,20200622,0.01,0.01,0.01,0.01,10000
MALP,20200622,0.01,0.01,0.01,0.01,49800
MALQ,20200622,5,5,5,5,260400
MALR,20200622,0.01,0.01,0.01,0.01,3100
MALS,20200622,0.01,0.01,0.01,0.01,6100
MALT,20200622,0.01,0.01,0.01,0.01,2600
MALU,20200622,1,1,1,1,250500
MALV,20200622,8,8,8,8,391200
MALW,20200622,0.01,0.01,0.01,0.01,2600
MALX,20200622,9,9,9,9,468900
MALY,20200622,0.01,0.01,0.01,0.01,6300
MALZ,20200622,8,8,8,8,282400
MMFD,20200622,25.93,40.04,25.93,39.49,0
MMFI,20200622,71.26,77.05,71.26,77,0
MMOF,20200622,38.06,39.66,38.05,39.46,0
MMOH,20200622,53.71,57.54,53.71,57.48,0
MMTH,20200622,36.15,37.27,36.15,37.09,0
MMTW,20200622,35.55,43.68,35.55,43.66,0
MNFD,20200622,37.99,38.22,37.97,38.22,0
MNFI,20200622,76.33,76.57,76.33,76.37,0
MNOF,20200622,39.26,39.26,38.87,38.87,0
MNOH,20200622,56.33,56.38,56.04,56.04,0
MNTH,20200622,37.58,37.58,37.2,37.2,0
MNTW,20200622,43.5,44.06,43.5,44.04,0
MOFD,20200622,32.16,32.27,32.11,32.18,0
MOFI,20200622,81.96,82.13,81.89,81.89,0
MOOF,20200622,37.67,37.67,37.25,37.25,0
MOOH,20200622,54.28,54.28,53.99,54.01,0
MOTH,20200622,36.19,36.19,35.78,35.78,0
MOTW,20200622,56.53,56.94,56.53,56.88,0
MPFD,20200622,61.58,61.84,61.49,61.7,0
MPFI,20200622,78.78,78.79,78.41,78.41,0
MPOF,20200622,29.76,29.76,29.45,29.45,0
MPOH,20200622,34.53,34.53,34.23,34.23,0
MPTH,20200622,29.66,29.66,29.32,29.32,0
MPTW,20200622,66.39,66.53,66.34,66.34,0
MTFD,20200622,41.59,51.48,41.59,48.52,0
MTFI,20200622,74.57,76.34,74.07,75.27,0
MTOF,20200622,37.18,37.8,35.32,36.16,0
MTOH,20200622,53.99,55.35,53.45,55.35,0
MTTH,20200622,34.66,34.66,32.71,33.21,0
MTTW,20200622,46.42,50.94,46.19,50,0
MUFD,20200622,45.37,46.48,44.86,46.29,0
MUFI,20200622,76.05,76.12,75.64,75.92,0
MUOF,20200622,36.13,36.13,35.41,35.92,0
MUOH,20200622,55.04,55.04,54.15,54.44,0
MUTH,20200622,34.03,34.03,32.76,33.14,0
MUTW,20200622,49.36,50.37,49.3,50.37,0
MVFD,20200622,32.77,32.77,31.81,32.77,0
MVFI,20200622,79.41,79.41,78.33,78.33,0
MVOF,20200622,35.71,35.71,34.7,35,0
MVOH,20200622,49.57,49.57,48.21,48.33,0
MVTH,20200622,35.08,35.08,33.52,33.88,0
MVTW,20200622,56.3,56.83,56.09,56.66,0
MWFD,20200622,63.88,64.38,63.88,64.09,0
MWFI,20200622,82.05,82.05,80.26,80.26,0
MWOF,20200622,36.53,36.53,34.39,34.39,0
MWOH,20200622,41.02,41.02,38.53,38.53,0
MWTH,20200622,34.61,34.61,33.08,33.08,0
MWTW,20200622,64.74,64.74,63.53,63.53,0
MYDA,20200622,11,11,11,11,18600
MYDB,20200622,0.01,0.01,0.01,0.01,2800
MYDC,20200622,52,52,52,52,192500
MYDE,20200622,64,64,64,64,185400
MYDF,20200622,0.01,0.01,0.01,0.01,6000
MYDG,20200622,42,42,42,42,98200
MYDH,20200622,141,141,141,141,346800
MYDI,20200622,0.01,0.01,0.01,0.01,7200
MYDJ,20200622,0.01,0.01,0.01,0.01,2800
MYDK,20200622,4,4,4,4,7100
MYDL,20200622,34,34,34,34,294900
MYDM,20200622,0.01,0.01,0.01,0.01,3300
MYDN,20200622,38,38,38,38,189900
MYDO,20200622,5,5,5,5,10000
MYDP,20200622,12,12,12,12,49800
MYDQ,20200622,126,126,126,126,260400
MYDR,20200622,0.01,0.01,0.01,0.01,3100
MYDS,20200622,4,4,4,4,6100
MYDT,20200622,0.01,0.01,0.01,0.01,2600
MYDU,20200622,7,7,7,7,250500
MYDV,20200622,168,168,168,168,391200
MYDW,20200622,3,3,3,3,2600
MYDX,20200622,175,175,175,175,468900
MYDY,20200622,1,1,1,1,6300
MYDZ,20200622,90,90,90,90,282400
MYHA,20200622,11,11,11,11,18600
MYHB,20200622,0.01,0.01,0.01,0.01,2800
MYHC,20200622,60,60,60,60,192500
MYHE,20200622,75,75,75,75,185400
MYHF,20200622,0.01,0.01,0.01,0.01,6000
MYHG,20200622,42,42,42,42,98200
MYHH,20200622,144,144,144,144,346800
MYHI,20200622,0.01,0.01,0.01,0.01,7200
MYHJ,20200622,0.01,0.01,0.01,0.01,2800
MYHK,20200622,4,4,4,4,7100
MYHL,20200622,42,42,42,42,294900
MYHM,20200622,0.01,0.01,0.01,0.01,3300
MYHN,20200622,43,43,43,43,189900
MYHO,20200622,5,5,5,5,10000
MYHP,20200622,12,12,12,12,49800
MYHQ,20200622,132,132,132,132,260400
MYHR,20200622,0.01,0.01,0.01,0.01,3100
MYHS,20200622,4,4,4,4,6100
MYHT,20200622,0.01,0.01,0.01,0.01,2600
MYHU,20200622,9,9,9,9,250500
MYHV,20200622,177,177,177,177,391200
MYHW,20200622,3,3,3,3,2600
MYHX,20200622,186,186,186,186,468900
MYHY,20200622,1,1,1,1,6300
MYHZ,20200622,98,98,98,98,282400
MYLA,20200622,0.01,0.01,0.01,0.01,18600
MYLB,20200622,0.01,0.01,0.01,0.01,2800
MYLC,20200622,8,8,8,8,192500
MYLE,20200622,11,11,11,11,185400
MYLF,20200622,0.01,0.01,0.01,0.01,6000
MYLG,20200622,0.01,0.01,0.01,0.01,98200
MYLH,20200622,3,3,3,3,346800
MYLI,20200622,0.01,0.01,0.01,0.01,7200
MYLJ,20200622,0.01,0.01,0.01,0.01,2800
MYLK,20200622,0.01,0.01,0.01,0.01,7100
MYLL,20200622,8,8,8,8,294900
MYLM,20200622,0.01,0.01,0.01,0.01,3300
MYLN,20200622,5,5,5,5,189900
MYLO,20200622,0.01,0.01,0.01,0.01,10000
MYLP,20200622,0.01,0.01,0.01,0.01,49800
MYLQ,20200622,6,6,6,6,260400
MYLR,20200622,0.01,0.01,0.01,0.01,3100
MYLS,20200622,0.01,0.01,0.01,0.01,6100
MYLT,20200622,0.01,0.01,0.01,0.01,2600
MYLU,20200622,2,2,2,2,250500
MYLV,20200622,9,9,9,9,391200
MYLW,20200622,0.01,0.01,0.01,0.01,2600
MYLX,20200622,11,11,11,11,468900
MYLY,20200622,0.01,0.01,0.01,0.01,6300
MYLZ,20200622,8,8,8,8,282400
N1DA,20200622,-77,-77,-77,-77,59500
N1DB,20200622,-36,-36,-36,-36,39300
N1DC,20200622,14,14,14,14,10300
N1DD,20200622,2,2,2,2,3000
N1DE,20200622,-5,-5,-5,-5,6400
N1DF,20200622,-3,-3,-3,-3,2000
N1DG,20200622,-4,-4,-4,-4,1500
N1DH,20200622,8,8,8,8,21900
N1DI,20200622,0.01,0.01,0.01,0.01,6000
N1DJ,20200622,27,27,27,27,20900
N1DK,20200622,23,23,23,23,61500
N1DL,20200622,40,40,40,40,34400
N1DM,20200622,7,7,7,7,12800
N1DN,20200622,70,70,70,70,108700
N1DO,20200622,29,29,29,29,98100
N1DP,20200622,60,60,60,60,40400
N1DU,20200622,112,112,112,112,172800
N1HA,20200622,16,16,16,16,59500
N1HB,20200622,11,11,11,11,39300
N1HC,20200622,17,17,17,17,10300
N1HD,20200622,2,2,2,2,3000
N1HE,20200622,2,2,2,2,6400
N1HF,20200622,0.01,0.01,0.01,0.01,2000
N1HG,20200622,0.01,0.01,0.01,0.01,1500
N1HH,20200622,14,14,14,14,21900
N1HI,20200622,2,2,2,2,6000
N1HJ,20200622,40,40,40,40,20900
N1HK,20200622,59,59,59,59,61500
N1HL,20200622,69,69,69,69,34400
N1HM,20200622,23,23,23,23,12800
N1HN,20200622,151,151,151,151,108700
N1HO,20200622,101,101,101,101,98100
N1HP,20200622,68,68,68,68,40400
N1HU,20200622,236,236,236,236,172800
N1LA,20200622,93,93,93,93,59500
N1LB,20200622,47,47,47,47,39300
N1LC,20200622,3,3,3,3,10300
N1LD,20200622,0.01,0.01,0.01,0.01,3000
N1LE,20200622,7,7,7,7,6400
N1LF,20200622,3,3,3,3,2000
N1LG,20200622,4,4,4,4,1500
N1LH,20200622,6,6,6,6,21900
N1LI,20200622,2,2,2,2,6000
N1LJ,20200622,13,13,13,13,20900
N1LK,20200622,36,36,36,36,61500
N1LL,20200622,29,29,29,29,34400
N1LM,20200622,16,16,16,16,12800
N1LN,20200622,81,81,81,81,108700
N1LO,20200622,72,72,72,72,98100
N1LP,20200622,8,8,8,8,40400
N1LU,20200622,124,124,124,124,172800
N3DA,20200622,11,11,11,11,59500
N3DB,20200622,10,10,10,10,39300
N3DC,20200622,15,15,15,15,10300
N3DD,20200622,2,2,2,2,3000
N3DE,20200622,2,2,2,2,6400
N3DF,20200622,0.01,0.01,0.01,0.01,2000
N3DG,20200622,0.01,0.01,0.01,0.01,1500
N3DH,20200622,12,12,12,12,21900
N3DI,20200622,2,2,2,2,6000
N3DJ,20200622,32,32,32,32,20900
N3DK,20200622,43,43,43,43,61500
N3DL,20200622,53,53,53,53,34400
N3DM,20200622,9,9,9,9,12800
N3DN,20200622,105,105,105,105,108700
N3DO,20200622,87,87,87,87,98100
N3DP,20200622,55,55,55,55,40400
N3DU,20200622,182,182,182,182,172800
N3HA,20200622,15,15,15,15,59500
N3HB,20200622,10,10,10,10,39300
N3HC,20200622,15,15,15,15,10300
N3HD,20200622,2,2,2,2,3000
N3HE,20200622,2,2,2,2,6400
N3HF,20200622,0.01,0.01,0.01,0.01,2000
N3HG,20200622,0.01,0.01,0.01,0.01,1500
N3HH,20200622,12,12,12,12,21900
N3HI,20200622,2,2,2,2,6000
N3HJ,20200622,34,34,34,34,20900
N3HK,20200622,48,48,48,48,61500
N3HL,20200622,55,55,55,55,34400
N3HM,20200622,13,13,13,13,12800
N3HN,20200622,116,116,116,116,108700
N3HO,20200622,89,89,89,89,98100
N3HP,20200622,57,57,57,57,40400
N3HU,20200622,194,194,194,194,172800
N3LA,20200622,4,4,4,4,59500
N3LB,20200622,0.01,0.01,0.01,0.01,39300
N3LC,20200622,0.01,0.01,0.01,0.01,10300
N3LD,20200622,0.01,0.01,0.01,0.01,3000
N3LE,20200622,0.01,0.01,0.01,0.01,6400
N3LF,20200622,0.01,0.01,0.01,0.01,2000
N3LG,20200622,0.01,0.01,0.01,0.01,1500
N3LH,20200622,0.01,0.01,0.01,0.01,21900
N3LI,20200622,0.01,0.01,0.01,0.01,6000
N3LJ,20200622,2,2,2,2,20900
N3LK,20200622,5,5,5,5,61500
N3LL,20200622,2,2,2,2,34400
N3LM,20200622,4,4,4,4,12800
N3LN,20200622,11,11,11,11,108700
N3LO,20200622,2,2,2,2,98100
N3LP,20200622,2,2,2,2,40400
N3LU,20200622,12,12,12,12,172800
N5DA,20200622,-366,-366,-366,-366,59500
N5DB,20200622,-208,-208,-208,-208,39300
N5DC,20200622,-14,-14,-14,-14,10300
N5DD,20200622,-15,-15,-15,-15,3000
N5DE,20200622,-43,-43,-43,-43,6400
N5DF,20200622,-17,-17,-17,-17,2000
N5DG,20200622,-12,-12,-12,-12,1500
N5DH,20200622,-22,-22,-22,-22,21900
N5DI,20200622,-21,-21,-21,-21,6000
N5DJ,20200622,60,60,60,60,20900
N5DK,20200622,-47,-47,-47,-47,61500
N5DL,20200622,87,87,87,87,34400
N5DM,20200622,11,11,11,11,12800
N5DN,20200622,51,51,51,51,108700
N5DO,20200622,-236,-236,-236,-236,98100
N5DP,20200622,-19,-19,-19,-19,40400
N5DU,20200622,58,58,58,58,172800
N5HA,20200622,37,37,37,37,59500
N5HB,20200622,36,36,36,36,39300
N5HC,20200622,22,22,22,22,10300
N5HD,20200622,3,3,3,3,3000
N5HE,20200622,4,4,4,4,6400
N5HF,20200622,0.01,0.01,0.01,0.01,2000
N5HG,20200622,1,1,1,1,1500
N5HH,20200622,52,52,52,52,21900
N5HI,20200622,10,10,10,10,6000
N5HJ,20200622,96,96,96,96,20900
N5HK,20200622,169,169,169,169,61500
N5HL,20200622,157,157,157,157,34400
N5HM,20200622,50,50,50,50,12800
N5HN,20200622,376,376,376,376,108700
N5HO,20200622,184,184,184,184,98100
N5HP,20200622,115,115,115,115,40400
N5HU,20200622,483,483,483,483,172800
N5LA,20200622,403,403,403,403,59500
N5LB,20200622,244,244,244,244,39300
N5LC,20200622,36,36,36,36,10300
N5LD,20200622,18,18,18,18,3000
N5LE,20200622,47,47,47,47,6400
N5LF,20200622,17,17,17,17,2000
N5LG,20200622,13,13,13,13,1500
N5LH,20200622,74,74,74,74,21900
N5LI,20200622,31,31,31,31,6000
N5LJ,20200622,36,36,36,36,20900
N5LK,20200622,216,216,216,216,61500
N5LL,20200622,70,70,70,70,34400
N5LM,20200622,39,39,39,39,12800
N5LN,20200622,325,325,325,325,108700
N5LO,20200622,420,420,420,420,98100
N5LP,20200622,134,134,134,134,40400
N5LU,20200622,425,425,425,425,172800
N6DA,20200622,9,9,9,9,59500
N6DB,20200622,7,7,7,7,39300
N6DC,20200622,13,13,13,13,10300
N6DD,20200622,2,2,2,2,3000
N6DE,20200622,2,2,2,2,6400
N6DF,20200622,0.01,0.01,0.01,0.01,2000
N6DG,20200622,0.01,0.01,0.01,0.01,1500
N6DH,20200622,6,6,6,6,21900
N6DI,20200622,1,1,1,1,6000
N6DJ,20200622,23,23,23,23,20900
N6DK,20200622,25,25,25,25,61500
N6DL,20200622,38,38,38,38,34400
N6DM,20200622,8,8,8,8,12800
N6DN,20200622,71,71,71,71,108700
N6DO,20200622,58,58,58,58,98100
N6DP,20200622,12,12,12,12,40400
N6DU,20200622,102,102,102,102,172800
N6HA,20200622,13,13,13,13,59500
N6HB,20200622,7,7,7,7,39300
N6HC,20200622,13,13,13,13,10300
N6HD,20200622,2,2,2,2,3000
N6HE,20200622,2,2,2,2,6400
N6HF,20200622,0.01,0.01,0.01,0.01,2000
N6HG,20200622,0.01,0.01,0.01,0.01,1500
N6HH,20200622,6,6,6,6,21900
N6HI,20200622,1,1,1,1,6000
N6HJ,20200622,24,24,24,24,20900
N6HK,20200622,27,27,27,27,61500
N6HL,20200622,39,39,39,39,34400
N6HM,20200622,9,9,9,9,12800
N6HN,20200622,75,75,75,75,108700
N6HO,20200622,60,60,60,60,98100
N6HP,20200622,13,13,13,13,40400
N6HU,20200622,109,109,109,109,172800
N6LA,20200622,4,4,4,4,59500
N6LB,20200622,0.01,0.01,0.01,0.01,39300
N6LC,20200622,0.01,0.01,0.01,0.01,10300
N6LD,20200622,0.01,0.01,0.01,0.01,3000
N6LE,20200622,0.01,0.01,0.01,0.01,6400
N6LF,20200622,0.01,0.01,0.01,0.01,2000
N6LG,20200622,0.01,0.01,0.01,0.01,1500
N6LH,20200622,0.01,0.01,0.01,0.01,21900
N6LI,20200622,0.01,0.01,0.01,0.01,6000
N6LJ,20200622,1,1,1,1,20900
N6LK,20200622,2,2,2,2,61500
N6LL,20200622,1,1,1,1,34400
N6LM,20200622,1,1,1,1,12800
N6LN,20200622,4,4,4,4,108700
N6LO,20200622,2,2,2,2,98100
N6LP,20200622,1,1,1,1,40400
N6LU,20200622,7,7,7,7,172800
NADA,20200622,5,5,5,5,59500
NADB,20200622,6,6,6,6,39300
NADC,20200622,13,13,13,13,10300
NADD,20200622,2,2,2,2,3000
NADE,20200622,2,2,2,2,6400
NADF,20200622,0.01,0.01,0.01,0.01,2000
NADG,20200622,0.01,0.01,0.01,0.01,1500
NADH,20200622,6,6,6,6,21900
NADI,20200622,1,1,1,1,6000
NADJ,20200622,21,21,21,21,20900
NADK,20200622,22,22,22,22,61500
NADL,20200622,32,32,32,32,34400
NADM,20200622,6,6,6,6,12800
NADN,20200622,60,60,60,60,108700
NADO,20200622,51,51,51,51,98100
NADP,20200622,11,11,11,11,40400
NADU,20200622,79,79,79,79,172800
NAHA,20200622,9,9,9,9,59500
NAHB,20200622,6,6,6,6,39300
NAHC,20200622,13,13,13,13,10300
NAHD,20200622,2,2,2,2,3000
NAHE,20200622,2,2,2,2,6400
NAHF,20200622,0.01,0.01,0.01,0.01,2000
NAHG,20200622,0.01,0.01,0.01,0.01,1500
NAHH,20200622,6,6,6,6,21900
NAHI,20200622,1,1,1,1,6000
NAHJ,20200622,22,22,22,22,20900
NAHK,20200622,23,23,23,23,61500
NAHL,20200622,33,33,33,33,34400
NAHM,20200622,6,6,6,6,12800
NAHN,20200622,62,62,62,62,108700
NAHO,20200622,53,53,53,53,98100
NAHP,20200622,12,12,12,12,40400
NAHU,20200622,85,85,85,85,172800
NALA,20200622,4,4,4,4,59500
NALB,20200622,0.01,0.01,0.01,0.01,39300
NALC,20200622,0.01,0.01,0.01,0.01,10300
NALD,20200622,0.01,0.01,0.01,0.01,3000
NALE,20200622,0.01,0.01,0.01,0.01,6400
NALF,20200622,0.01,0.01,0.01,0.01,2000
NALG,20200622,0.01,0.01,0.01,0.01,1500
NALH,20200622,0.01,0.01,0.01,0.01,21900
NALI,20200622,0.01,0.01,0.01,0.01,6000
NALJ,20200622,1,1,1,1,20900
NALK,20200622,1,1,1,1,61500
NALL,20200622,1,1,1,1,34400
NALM,20200622,0.01,0.01,0.01,0.01,12800
NALN,20200622,2,2,2,2,108700
NALO,20200622,2,2,2,2,98100
NALP,20200622,1,1,1,1,40400
NALU,20200622,6,6,6,6,172800
NAST,20200622,4512.14,4563.34,4492.68,4538.47,0
NBI,20200622,4320.13,4351.43,4260.71,4337.59,0
NCFD,20200622,28.23,47.16,28.23,46.35,0
NCFI,20200622,72.36,79.85,72.36,79.55,0
NCOF,20200622,61.03,65.18,61.03,65.18,0
NCOH,20200622,47.16,50.2,47.16,49.59,0
NCTH,20200622,45.64,48.78,45.64,48.48,0
NCTW,20200622,38.76,47.87,38.76,47.16,0
NDFD,20200622,38.83,62.13,38.83,60.19,0
NDFI,20200622,84.46,90.29,84.46,87.37,0
NDOF,20200622,79.61,81.55,79.61,81.55,0
NDOH,20200622,71.84,72.81,71.84,72.81,0
NDTH,20200622,70.87,72.81,70.87,71.84,0
NDTW,20200622,57.28,70.87,57.28,69.9,0
NDXT,20200622,5865.66,5925.16,5839.88,5922.39,0
NDXX,20200622,3717.35,3742.77,3700.95,3737.22,0
NDY,20200622,10009,10134.64,9989.49,10130.33,0
NQGM,20200622,2886.16,2927,2866.54,2926.73,0
NQGS,20200622,4698.85,4752.87,4685.6,4751.28,0
NSHD,20200622,10,1957,10,1393,0
NSHF,20200622,-1,280,-1262,159,0
NSHR,20200622,0.9,1.2,0.35,1.11,0
NSHU,20200622,9,1616,9,1552,0
NVLD,20200622,0.02,1798.2,0.02,1798.2,0
NVLF,20200622,1.98,544.74,-397.7,299.97,0
NVLR,20200622,79.9,79.9,0.47,1.16,0
NVLU,20200622,2,2098.17,2,2098.17,0
NXTQ,20200622,610.51,615,608.27,613.73,0
NYA,20200622,11963.3,12045.65,11907.22,12028.91,0
NYDA,20200622,9,9,9,9,59500
NYDB,20200622,7,7,7,7,39300
NYDC,20200622,13,13,13,13,10300
NYDD,20200622,2,2,2,2,3000
NYDE,20200622,2,2,2,2,6400
NYDF,20200622,0.01,0.01,0.01,0.01,2000
NYDG,20200622,0.01,0.01,0.01,0.01,1500
NYDH,20200622,6,6,6,6,21900
NYDI,20200622,1,1,1,1,6000
NYDJ,20200622,24,24,24,24,20900
NYDK,20200622,25,25,25,25,61500
NYDL,20200622,39,39,39,39,34400
NYDM,20200622,7,7,7,7,12800
NYDN,20200622,71,71,71,71,108700
NYDO,20200622,58,58,58,58,98100
NYDP,20200622,12,12,12,12,40400
NYDU,20200622,104,104,104,104,172800
NYHA,20200622,13,13,13,13,59500
NYHB,20200622,7,7,7,7,39300
NYHC,20200622,13,13,13,13,10300
NYHD,20200622,2,2,2,2,3000
NYHE,20200622,2,2,2,2,6400
NYHF,20200622,0.01,0.01,0.01,0.01,2000
NYHG,20200622,0.01,0.01,0.01,0.01,1500
NYHH,20200622,6,6,6,6,21900
NYHI,20200622,1,1,1,1,6000
NYHJ,20200622,25,25,25,25,20900
NYHK,20200622,27,27,27,27,61500
NYHL,20200622,40,40,40,40,34400
NYHM,20200622,9,9,9,9,12800
NYHN,20200622,76,76,76,76,108700
NYHO,20200622,60,60,60,60,98100
NYHP,20200622,13,13,13,13,40400
NYHU,20200622,111,111,111,111,172800
NYLA,20200622,4,4,4,4,59500
NYLB,20200622,0.01,0.01,0.01,0.01,39300
NYLC,20200622,0.01,0.01,0.01,0.01,10300
NYLD,20200622,0.01,0.01,0.01,0.01,3000
NYLE,20200622,0.01,0.01,0.01,0.01,6400
NYLF,20200622,0.01,0.01,0.01,0.01,2000
NYLG,20200622,0.01,0.01,0.01,0.01,1500
NYLH,20200622,0.01,0.01,0.01,0.01,21900
NYLI,20200622,0.01,0.01,0.01,0.01,6000
NYLJ,20200622,1,1,1,1,20900
NYLK,20200622,2,2,2,2,61500
NYLL,20200622,1,1,1,1,34400
NYLM,20200622,2,2,2,2,12800
NYLN,20200622,5,5,5,5,108700
NYLO,20200622,2,2,2,2,98100
NYLP,20200622,1,1,1,1,40400
NYLU,20200622,7,7,7,7,172800
OEX,20200622,1421.49,1434.71,1416.01,1433.74,1018556000
OFIN,20200622,9251.02,9257.44,9168.03,9210.62,0
OILBR,20200622,42.19,43.08,42.19,43.08,0
OILSW,20200622,39.02,40.69,39.02,40.69,1010918
ONE,20200622,1421.49,1434.71,1416.01,1433.74,0
OSX,20200622,34.43,34.8,33.93,34.79,0
OVX,20200622,59.66,60.27,55.93,56.76,0
PLD,20200622,1913,1959.1,1885.3,1942.1,803
PLT,20200622,828.4,857.5,823,843.7,12863
QSHD,20200622,3,2027,3,1542,0
QSHF,20200622,-1,301,-1099,267,0
QSHR,20200622,0.66,1.3,0.45,1.17,0
QSHU,20200622,2,1818,2,1809,0
QVLD,20200622,8.72,1507.77,8.72,1507.77,0
QVLF,20200622,-8.72,940.98,-24.49,771.19,0
QVLR,20200622,3.55,3.55,0.96,1.51,0
QVLU,20200622,36.51,2278.96,36.51,2278.96,0
R1FD,20200622,17.67,36.84,17.67,31.92,0
R1FI,20200622,74.69,82.22,74.69,81.52,0
R1OF,20200622,56.22,63.15,56.22,62.24,0
R1OH,20200622,38.95,41.56,38.95,40.86,0
R1TH,20200622,37.75,39.45,37.75,38.85,0
R1TW,20200622,28.21,40.06,28.21,38.55,0
R2FD,20200622,19.72,39.24,19.72,39.23,0
R2FI,20200622,64.53,72.89,64.53,72.89,0
R2OF,20200622,46.14,50.89,46.14,50.89,0
R2OH,20200622,31.42,34.49,31.42,34.47,0
R2TH,20200622,30.4,32.94,30.4,32.94,0
R2TW,20200622,29.27,38.32,29.27,38.31,0
R3FD,20200622,18.41,36.97,18.41,36.36,0
R3FI,20200622,67.8,75.74,67.8,75.74,0
R3OF,20200622,49.35,54.72,49.35,54.69,0
R3OH,20200622,33.58,36.23,33.58,36.19,0
R3TH,20200622,32.5,34.55,32.5,34.55,0
R3TW,20200622,28.25,38.12,28.25,37.9,0
RTCM,20200622,191.16,192.37,189.1,191.32,10644100
RTRE,20200622,149.21,150.23,147.89,149.54,8588100
S1FD,20200622,17.82,37.62,17.82,33.66,0
S1FI,20200622,73.26,77.22,72.27,76.23,0
S1OF,20200622,55.44,60.39,55.44,58.41,0
S1OH,20200622,39.6,42.57,39.6,42.57,0
S1TH,20200622,39.6,41.58,39.6,40.59,0
S1TR,20200622,172.17,173.26,168.95,172.43,0
S1TW,20200622,27.72,41.58,27.72,39.6,0
S2TR,20200622,516.74,516.74,507.41,510.54,0
S3TR,20200622,1039.25,1044.07,1024.56,1040.85,0
S4FD,20200622,10.02,32.83,10.02,28.32,0
S4FI,20200622,68.42,78.69,68.42,77.69,0
S4OF,20200622,51.87,59.64,51.87,58.64,0
S4OH,20200622,28.57,34.08,28.57,33.33,0
S4TH,20200622,26.06,28.82,26.06,28.57,0
S4TR,20200622,531.18,538.82,527.32,538.04,0
S4TW,20200622,20.05,32.83,20.05,31.82,0
S5FD,20200622,14.25,35.24,14.25,29.7,0
S5FI,20200622,70.49,79,70.49,77.82,0
S5OF,20200622,55.44,61.58,55.44,60.79,0
S5OH,20200622,38.81,41.18,38.81,40.79,0
S5TH,20200622,38.61,40.59,38.61,40.39,0
S5TR,20200622,494.57,503.91,490.35,503.86,0
S5TW,20200622,25.34,37.82,25.34,35.64,0
S6CD,20200622,495.66,505.73,489.96,504.43,0
S6CS,20200622,1762.88,1762.88,1740.9,1760.45,0
S6EP,20200622,132.69,132.85,128.99,131.88,0
S6FD,20200622,8.34,28.04,8.34,27.87,0
S6FI,20200622,62.43,70.28,62.43,69.78,0
S6FP,20200622,728.71,731.79,713.41,731.41,0
S6HC,20200622,2836.12,2887.43,2813.79,2887.35,0
S6IP,20200622,942.27,948.4,925.64,948.16,0
S6MP,20200622,383.56,388.48,378.64,388.36,0
S6OF,20200622,42.9,49.58,42.9,49.58,0
S6OH,20200622,26.04,30.38,26.04,30.38,0
S6TH,20200622,24.7,27.71,24.7,27.54,0
S6TP,20200622,744.23,749.88,735.67,749.84,0
S6TR,20200622,1512.8,1517.18,1491.27,1514.48,0
S6TW,20200622,19.03,28.21,19.03,28.04,0
S6UP,20200622,607.89,611.84,603.42,611.48,0
S7TR,20200622,998.36,1001.26,990.09,997.95,0
S8TR,20200622,564.38,569.12,556.14,567.92,0
S9TR,20200622,694.32,701.03,692.85,698.65,0
SAAB,20200622,1719.86,1720.75,1700.58,1700.68,0
SACC,20200622,3273.76,3279.11,3229.28,3241.78,0
SACN,20200622,307.06,308.78,305.81,307.37,0
SAER,20200622,58.77,58.83,58.12,58.42,0
SAIE,20200622,167.83,168.7,166.32,168.19,0
SAIU,20200622,143.86,145.94,143.34,145.45,0
SAJR,20200622,142.67,142.67,140.33,140.85,0
SAJT,20200622,102.76,102.76,101.08,101.45,0
SAPE,20200622,3622.05,3629.87,3583.15,3596.51,0
SAPT,20200622,101.15,101.66,100.68,100.92,0
SAPU,20200622,3148,3152.57,3101.72,3106.84,0
SAQA,20200622,4185.77,4194.85,4149,4188.33,0
SAQE,20200622,3317.27,3317.27,3269.69,3296.37,0
SAUE,20200622,133.09,133.24,131.63,132.29,0
SBAI,20200622,76.98,79.81,76.98,77.49,0
SBER,20200622,38.98,39.01,38.52,38.68,0
SBES,20200622,1353.99,1359.1,1346.92,1347.43,0
SBFD,20200622,7.14,42.85,7.14,32.14,0
SBFI,20200622,82.14,89.28,82.14,89.28,0
SBIX,20200622,252.04,254.87,250.52,252.06,188050800
SBNP,20200622,2672.42,2758.48,2672.42,2694.57,0
SBOF,20200622,75,85.71,75,82.14,0
SBOH,20200622,42.85,46.42,42.85,46.42,0
SBSE,20200622,2413.37,2417.6,2382.74,2393.6,0
SBSU,20200622,2027.81,2032.22,2014.55,2022.64,0
SBTH,20200622,39.28,46.42,39.28,42.85,0
SBTR,20200622,43.17,43.21,42.66,42.83,0
SBTW,20200622,25,39.28,21.42,39.28,0
SBUP,20200622,5268.58,5278.56,5226.63,5272.21,0
SCBR,20200622,47.32,47.97,46.96,47.79,0
SCII,20200622,59.88,59.88,58.82,59.16,0
SCIR,20200622,197.93,201.06,197.29,200.53,0
SCIS,20200622,193.73,196.79,193.1,196.27,0
SCIT,20200622,357.85,363.5,356.7,362.55,0
SCPC,20200622,2530.32,2538.68,2520.94,2533.38,0
SCRC,20200622,4150.31,4161.57,4119.28,4151.51,0
SCRE,20200622,4978.1,4981.31,4865.09,4903.69,0
SCSC,20200622,3581.38,3597.36,3568.1,3579.15,0
SCSE,20200622,3572.67,3575.53,3542.41,3552.71,0
SCUT,20200622,1365.73,1374.42,1359.41,1366.01,0
SCWI,20200622,171.51,173.67,169.4,169.4,0
SCWP,20200622,273.77,274.03,271.7,272.63,0
SDEW,20200622,1369.44,1375.31,1345.12,1372.19,0
SDIP,20200622,111.89,112.58,111.8,111.93,0
SDIS,20200622,120.07,120.81,119.97,120.11,0
SDIT,20200622,138.98,139.84,138.87,139.04,0
SDPI,20200622,1465.24,1466.04,1452.53,1459.97,0
SDTI,20200622,1816.02,1816.13,1799.38,1808.6,0
SDTR,20200622,1356.82,1358.54,1345.33,1351.17,0
SDTS,20200622,1029.47,1033.59,1029.14,1032.57,0
SDTT,20200622,1262.87,1267.95,1262.52,1266.71,0
SEAN,20200622,710.36,710.36,703.63,706.62,0
SEBI,20200622,1890.84,1893.48,1874.1,1883.56,0
SECA,20200622,189.2,190.99,188.3,190.94,0
SECB,20200622,162.38,163.91,161.6,163.87,0
SECC,20200622,293.62,296.31,292.14,296.24,0
SEFD,20200622,0.01,34.61,0.01,26.92,0
SEFI,20200622,76.92,88.46,76.92,84.61,0
SEIB,20200622,2300.18,2300.83,2272.23,2276.07,0
SEIE,20200622,251.2,251.72,249.26,251.5,0
SEIT,20200622,151.22,151.37,148.13,149.8,0
SEIU,20200622,238.57,240.75,237.64,240.28,0
SEMT,20200622,1428.97,1443.59,1423.04,1439.29,0
SEOF,20200622,38.46,50,38.46,46.15,0
SEOH,20200622,3.84,3.84,3.84,3.84,0
SETH,20200622,3.84,3.84,3.84,3.84,0
SETW,20200622,3.84,19.23,3.84,15.38,0
SFFD,20200622,6.06,27.27,6.06,15.15,0
SFFI,20200622,81.81,92.42,81.81,92.42,0
SFOF,20200622,48.48,56.06,48.48,51.51,0
SFOH,20200622,24.24,25.75,24.24,24.24,0
SFTH,20200622,24.24,25.75,24.24,25.75,0
SFTR,20200622,1710.67,1710.67,1686.89,1701.45,0
SFTW,20200622,18.18,39.39,18.18,28.78,0
SG0A,20200622,234.33,234.42,232.18,233.32,0
SG0B,20200622,50.93,50.95,50.47,50.71,0
SG0C,20200622,557.1,557.31,551.99,554.69,0
SG0D,20200622,27.36,27.37,27.2,27.31,0
SG0E,20200622,299.24,299.4,297.53,298.77,0
SG0F,20200622,337.58,337.58,334.08,336.32,0
SG0G,20200622,288.76,288.76,285.77,287.68,0
SG0H,20200622,3158.63,3158.63,3125.86,3146.83,0
SG0I,20200622,227.92,233.16,225.82,233.02,0
SG1A,20200622,348.9,356.94,345.63,356.71,0
SG1B,20200622,312.54,315.65,310.74,315.21,0
SG1C,20200622,6.97,7.04,6.93,7.03,0
SG1D,20200622,76.33,77.09,75.89,76.98,0
SG1E,20200622,100.69,101.55,100.06,101.31,0
SG1F,20200622,20.26,20.43,20.13,20.38,0
SG1G,20200622,43.26,43.63,42.99,43.53,0
SG1H,20200622,143.6,144.09,142.77,143.16,0
SG1I,20200622,56.63,56.82,56.3,56.45,0
SG1J,20200622,122.56,125.37,121.43,125.3,0
SG2A,20200622,358.63,366.8,356.08,366.55,0
SG2B,20200622,229.84,235.08,228.21,234.92,0
SG2C,20200622,338.02,345.8,335.61,345.48,0
SG2D,20200622,88.45,89.55,87.15,89.15,0
SG2E,20200622,7.84,7.94,7.73,7.9,0
SG2F,20200622,28.3,28.65,27.88,28.52,0
SG2G,20200622,73.85,75.7,73.39,75.47,0
SG2H,20200622,5.82,5.97,5.79,5.95,0
SG2I,20200622,29.63,30.37,29.45,30.28,0
SG2J,20200622,69.36,69.62,68.96,69.14,0
SG3A,20200622,499.18,503.58,495.81,501.79,0
SG3B,20200622,3602.97,3634.7,3578.63,3621.76,0
SG3C,20200622,278.43,278.43,274.5,274.92,0
SG3D,20200622,4.99,4.99,4.92,4.93,0
SG3E,20200622,54.69,54.69,53.92,54,0
SG3F,20200622,85.1,85.28,84.23,85.15,0
SG3G,20200622,33.55,33.62,33.21,33.57,0
SG3H,20200622,242.13,242.66,239.67,242.3,0
SG3I,20200622,218.29,223.39,215.93,223.22,0
SG3J,20200622,414.44,418.09,411.64,416.6,0
SG4A,20200622,174.95,179.08,173.02,178.91,0
SG4B,20200622,234.09,237.5,232.57,237.4,0
SG4C,20200622,55.53,56.34,55.17,56.31,0
SG4D,20200622,100.62,102.02,99.9,101.98,0
SG4E,20200622,59.58,60.67,59.04,60.63,0
SG4F,20200622,234.68,238.87,232.45,238.75,0
SG4G,20200622,156.58,156.73,154.96,155.64,0
SG4H,20200622,91.93,92.02,90.98,91.38,0
SG4I,20200622,117.29,117.4,116.09,116.58,0
SG4J,20200622,61.45,62.89,60.79,62.84,0
SG5A,20200622,201.47,201.88,197.77,201.74,0
SG5B,20200622,296.29,296.89,290.85,296.69,0
SG5C,20200622,1020.61,1035.74,1020.61,1028.41,0
SG5D,20200622,132.97,134.95,132.97,133.99,0
SG5E,20200622,913.19,923.1,910.28,916.56,0
SG5F,20200622,309.92,310.14,307.96,309.23,0
SG5G,20200622,17.26,17.28,17.15,17.22,0
SG5H,20200622,188.89,189.02,187.69,188.46,0
SG5I,20200622,148.26,149.97,147.27,149.46,0
SG5J,20200622,341.29,341.99,335.03,341.76,0
SG6A,20200622,470.64,476.07,467.51,474.45,0
SG6B,20200622,152.72,153.66,151.97,153.26,0
SG6C,20200622,1102.38,1109.18,1097.03,1106.3,0
SG6D,20200622,133.92,135.38,133.61,134.99,0
SG6E,20200622,11.63,11.75,11.6,11.72,0
SG6F,20200622,17.1,17.29,17.06,17.24,0
SG6G,20200622,266.51,268.09,264.34,266.14,0
SG6H,20200622,158.6,159.54,157.31,158.38,0
SG6I,20200622,287.23,288.93,284.89,286.83,0
SG6J,20200622,119.53,120.91,118.74,120.5,0
SG7A,20200622,7.01,7.01,6.7,6.79,0
SG7B,20200622,53.27,53.27,50.88,51.56,0
SG7C,20200622,322.48,323.67,321.33,323.63,0
SG7D,20200622,143.9,144.35,143.3,144.33,0
SG7E,20200622,1573.41,1578.38,1566.93,1578.2,0
SG7F,20200622,325.59,325.59,322.01,324.65,0
SG7G,20200622,268.14,268.14,265.19,267.37,0
SG7H,20200622,2933.06,2933.06,2900.78,2924.6,0
SG7I,20200622,113.86,113.86,111.7,112.59,0
SG7J,20200622,77.43,77.43,73.94,74.93,0
SG8A,20200622,82.31,83.62,80.53,81.37,0
SG8B,20200622,4.23,4.3,4.14,4.18,0
SG8C,20200622,8.01,8.14,7.84,7.92,0
SG8D,20200622,204.73,205.47,202.42,202.72,0
SG8E,20200622,163.91,164.51,162.06,162.31,0
SG8F,20200622,319.8,320.96,316.19,316.67,0
SG8G,20200622,134.39,134.57,133.93,134.26,0
SG8H,20200622,307.26,307.84,306.37,307.14,0
SG8I,20200622,1469.59,1471.5,1464.47,1468.18,0
SG8J,20200622,1245.15,1245.15,1221.53,1231.26,0
SG9A,20200622,36.52,36.91,36.27,36.9,0
SG9B,20200622,62.53,63.2,62.11,63.18,0
SG9C,20200622,334.88,338.16,332.78,338.07,0
SG9D,20200622,239.99,242.28,238.41,242.21,0
SG9E,20200622,2602.34,2627.18,2585.16,2626.4,0
SG9F,20200622,133.48,134.76,132.62,134.72,0
SG9G,20200622,48.08,48.53,47.76,48.52,0
SG9H,20200622,419.8,423.75,417.01,423.63,0
SG9I,20200622,146.14,149.24,144.77,149.16,0
SG9J,20200622,159.48,161.26,158.48,161.21,0
SGAA,20200622,1311.37,1311.37,1297.37,1304.1,0
SGAB,20200622,1399.39,1400.89,1375.57,1383.29,0
SGAC,20200622,3885.12,3888.06,3828.83,3862.78,0
SGAD,20200622,4147.38,4147.39,4069.08,4097.33,0
SGCC,20200622,189.54,191.32,188.44,191.27,0
SGCR,20200622,130.08,131.19,129.87,130.57,0
SGDO,20200622,136.13,136.36,135.23,135.83,0
SGIA,20200622,136.96,138.46,136.08,138.13,0
SGIB,20200622,1121.59,1139.12,1120.68,1138.85,0
SGID,20200622,1157.71,1182.38,1157.71,1182.19,0
SGIF,20200622,209.01,210.56,207,209.17,0
SGIR,20200622,120.56,121.66,120.37,121.15,0
SGJ,20200622,134.85,137.3,133.62,137.23,0
SGK,20200622,265.52,265.66,264,265.09,0
SGLN,20200622,301.72,301.74,298.21,301.08,0
SGMA,20200622,192.31,194.06,192.01,193.26,0
SGME,20200622,1484.53,1484.79,1473.62,1476.28,0
SGMU,20200622,1128.55,1134.16,1121.36,1128.8,0
SGON,20200622,399.77,400.45,397.13,398.89,0
SGP,20200622,2247.22,2281.18,2247.22,2263.51,0
SGPA,20200622,216,217.86,215.65,216.81,0
SGPG,20200622,125.97,126.04,125.27,125.97,0
SGPP,20200622,43.42,43.81,43.15,43.8,0
SGPR,20200622,38.64,38.66,38.42,38.64,0
SGPT,20200622,78.69,79.4,78.2,79.38,0
SGQA,20200622,504.42,515.14,499.61,514.82,0
SGQB,20200622,147.4,150.25,145.89,150.17,0
SGQC,20200622,139.39,142.09,137.94,142.01,0
SGQD,20200622,548.79,559.44,543.11,559.13,0
SGQE,20200622,215.07,217.53,214.56,215.85,0
SGQF,20200622,2020.79,2043.94,2015.98,2028.12,0
SGQG,20200622,327.35,329.41,325.85,329.34,0
SGQH,20200622,148.49,149.35,147.74,149.33,0
SGQI,20200622,1623.67,1633.07,1615.42,1632.78,0
SGQJ,20200622,128.11,130.84,126.89,130.76,0
SGRC,20200622,119.74,120.34,119.17,119.47,0
SGRE,20200622,90.52,90.97,90.09,90.32,0
SGRG,20200622,21.37,21.38,21.25,21.37,0
SGRM,20200622,139.72,140.07,138.38,139.9,0
SGRT,20200622,65.67,65.74,64.94,65.28,0
SGSA,20200622,879.98,896.48,879.98,882.51,0
SGSB,20200622,62.59,63.76,62.59,62.77,0
SGSC,20200622,588.32,599.35,588.32,590.02,0
SGSD,20200622,349.67,349.97,348.18,349.08,0
SGSE,20200622,151.97,153.4,151.09,153.36,0
SGSF,20200622,295.57,295.82,294.31,295.07,0
SGSG,20200622,3234.3,3237.05,3220.53,3228.79,0
SGSH,20200622,128.21,128.94,125.78,126.94,0
SGSJ,20200622,8.09,8.14,7.94,8.01,0
SGSK,20200622,76.13,76.56,74.69,75.38,0
SGSM,20200622,140.01,140.28,139.52,140.19,0
SGSN,20200622,1530.98,1533.98,1525.68,1532.95,0
SGSO,20200622,269.95,274.3,266.3,274.07,0
SGSP,20200622,630.27,640.43,621.74,639.89,0
SGSQ,20200622,1690.42,1717.68,1667.54,1716.22,0
SGSR,20200622,329.26,332.65,326.88,332.14,0
SGSS,20200622,6.15,6.21,6.1,6.2,0
SGST,20200622,67.34,68.03,66.85,67.93,0
SGSU,20200622,163.89,164.76,162,164.21,0
SGSV,20200622,51.64,51.92,51.04,51.74,0
SGSW,20200622,110.27,110.85,108.97,110.49,0
SGSX,20200622,315.99,316.78,315.07,316.57,0
SGT,20200622,1662.38,1677.29,1651.99,1676.85,0
SGTR,20200622,235.48,237.2,234.8,236.07,0
SGV,20200622,222.22,222.22,218.01,219.74,0
SGWT,20200622,128.3,128.73,127.54,128.7,0
SGX,20200622,327.64,330.73,325.74,330.63,0
SGY,20200622,297.21,299.04,295.76,298.26,0
SHTR,20200622,1603.39,1604.07,1581.2,1601.01,0
SIDO,20200622,1877.28,1879.8,1865.23,1870.63,0
SIFD,20200622,4.16,33.33,4.16,25,0
SIFI,20200622,86.11,90.27,86.11,88.88,0
SIIP,20200622,98.09,98.38,98.07,98.27,0
SIIS,20200622,103.68,104,103.67,103.88,0
SIIT,20200622,121.84,122.21,121.82,122.07,0
SIOF,20200622,61.11,68.05,61.11,68.05,0
SIOH,20200622,34.72,37.5,34.72,37.5,0
SIPR,20200622,1116.99,1128.11,1112.02,1124.75,0
SIRP,20200622,113.72,113.91,113.07,113.75,0
SITH,20200622,30.55,40.27,30.55,37.5,0
SITR,20200622,547.7,550.74,542.17,547.2,0
SITW,20200622,18.05,34.72,18.05,29.16,0
SIUT,20200622,11.98,12.12,11.8,11.83,0
SJPA,20200622,1447.4,1456.73,1445.11,1448.96,0
SJPB,20200622,1652.99,1659.93,1647.09,1652.22,0
SJPC,20200622,2709.76,2722.91,2696.28,2711.85,0
SJPD,20200622,1308.29,1317.63,1306.56,1310.1,0
SJRI,20200622,2431.92,2438.11,2418.84,2422.47,0
SJTR,20200622,1886.83,1913.28,1872.54,1908.99,0
SKFD,20200622,22.53,54.92,22.53,47.88,0
SKFI,20200622,71.83,84.5,71.83,78.87,0
SKOF,20200622,77.46,81.69,77.46,81.69,0
SKOH,20200622,66.19,70.42,66.19,67.6,0
SKTH,20200622,67.6,69.01,67.6,69.01,0
SKTR,20200622,618.54,623.66,613.18,621.01,0
SKTW,20200622,46.47,64.78,46.47,60.56,0
SLAC,20200622,4111.08,4169.71,4068.21,4086.25,0
SLCN,20200622,279.52,281.61,277.95,281.3,0
SLCT,20200622,388.34,391.24,386.17,390.8,0
SLCU,20200622,351.86,354.5,349.89,354.1,0
SLEE,20200622,99.51,99.77,98.78,99.27,0
SLER,20200622,45.16,45.28,44.83,45.05,0
SLEW,20200622,940.74,944.72,923.92,944.63,0
SLFD,20200622,23.07,34.61,23.07,30.76,0
SLFI,20200622,80.76,88.46,76.92,84.61,0
SLOF,20200622,57.69,57.69,53.84,57.69,0
SLOH,20200622,42.3,46.15,42.3,42.3,0
SLPE,20200622,1026.36,1026.36,1014.2,1016.42,0
SLPX,20200622,150.72,152.56,148.86,152.52,0
SLRT,20200622,50.47,50.6,50.1,50.34,0
SLTH,20200622,42.3,42.3,42.3,42.3,0
SLTW,20200622,30.76,38.46,30.76,38.46,0
SLUN,20200622,8164.37,8286.45,8067.63,8270.43,0
SLUT,20200622,13720.2,13945.81,13720.2,13909.25,0
SLV,20200622,17.92,18.19,17.79,17.9,64573
SML,20200622,814.78,825.18,806.5,825.13,612633100
SMPR,20200622,1115.81,1126.06,1111.34,1122.82,0
SMRW,20200622,5880.38,5901.53,5774.14,5886.74,0
SMSS,20200622,7365.01,7416.54,7275.09,7398.91,0
SMTI,20200622,1418.12,1431.34,1412.65,1427.22,0
SMTR,20200622,218.27,219.96,217.64,219.05,0
SNAC,20200622,316.82,316.82,313.49,314.14,0
SNCH,20200622,124.33,124.48,123.85,123.95,0
SNCT,20200622,164.71,164.75,163.92,164.06,0
SNER,20200622,60.64,60.73,60.08,60.26,0
SNNE,20200622,3222.14,3222.14,3184.62,3205.47,0
SNNT,20200622,4069.99,4082.9,4035.7,4073.02,0
SNRE,20200622,1835.65,1836.78,1820.65,1832.03,0
SNRT,20200622,67.76,67.86,67.13,67.33,0
SNRU,20200622,2035.37,2051.64,2028.85,2047.45,0
SNTE,20200622,174.62,174.66,173.77,173.94,0
SNUI,20200622,115.72,115.89,114.64,114.98,0
SOBC,20200622,34.7,35.6,34.29,35.1,0
SOCC,20200622,38.78,40,38.33,39.42,0
SP500,20200622,3094.42,3120.92,3079.39,3117.86,2559745000
SPAA,20200622,68.12,69.3,67.83,68.95,0
SPAB,20200622,96.45,97.55,95.86,97.1,0
SPAC,20200622,52.71,53.62,52.49,53.35,0
SPAD,20200622,1217.09,1249.42,1202.35,1238.58,0
SPEE,20200622,147.94,147.96,145.47,146.11,0
SPER,20200622,1300.45,1334.99,1284.7,1323.41,0
SPEY,20200622,138.58,138.99,137.02,137.75,0
SPFD,20200622,30.3,48.48,24.24,33.33,0
SPFI,20200622,60.6,69.69,60.6,66.66,0
SPIN,20200622,220.7,228.78,219.75,225.73,0
SPIR,20200622,170.11,176.36,169.37,173.98,0
SPLR,20200622,613.38,635.91,610.72,627.34,0
SPOF,20200622,60.6,60.6,57.57,57.57,0
SPOH,20200622,54.54,54.54,51.51,54.54,0
SPPR,20200622,685.21,693.94,685.21,692.27,0
SPRL,20200622,123.29,124.22,122.37,122.98,0
SPRT,20200622,2350.68,2413.13,2322.22,2392.19,0
SPTH,20200622,54.54,54.54,51.51,51.51,0
SPTW,20200622,39.39,54.54,39.39,48.48,0
SPUS,20200622,179.18,179.35,177.72,178.3,0
SPX,20200622,3094.42,3120.92,3079.39,3117.86,0
SPXT,20200622,6337.9,6392.14,6307.12,6385.91,0
SQTR,20200622,3088.39,3156.72,3088.39,3155.56,0
SRFF,20200622,107.5,107.51,107.5,107.51,0
SRFI,20200622,396.68,397.3,391.83,394.78,315289800
SRIC,20200622,4228.52,4237.69,4211.2,4224.83,0
SRIE,20200622,4705.08,4706.46,4661.24,4674.43,0
SRMP,20200622,1880.15,1889.19,1853.26,1883.28,0
SRPR,20200622,158.34,158.85,156.31,158.5,0
SRTR,20200622,462.57,462.81,455.37,461.4,0
SRWI,20200622,7750.33,7777.15,7673.82,7760.25,0
SS1E,20200622,2670.33,2681.47,2630.98,2668.98,0
SS1J,20200622,1063.06,1071.19,1042.15,1064.71,0
SS2E,20200622,3152.79,3175.71,3106.6,3167.24,0
SS2J,20200622,3743.11,3765.46,3686.71,3753.08,0
SS3E,20200622,13757.89,13757.89,13569.83,13720.39,0
SS3J,20200622,4850.41,4852.51,4814.22,4837.39,0
SS4E,20200622,12047.92,12164.08,11957.34,12142.07,0
SS4J,20200622,3411.8,3420.96,3363.15,3397.54,0
SS5E,20200622,1445.06,1471.1,1434.09,1463.26,0
SS5J,20200622,1027.56,1027.56,1016.17,1024.1,0
SSAE,20200622,397,397,392.15,394.45,0
SSAI,20200622,651.71,651.71,643.78,647.53,0
SSAU,20200622,431.85,432.28,428.62,430.45,0
SSAX,20200622,4918.92,4937.48,4903.84,4918.04,0
SSBE,20200622,3070.18,3082.64,3053.13,3061.78,0
SSBR,20200622,2760.22,2776.75,2759.35,2768.3,0
SSCA,20200622,299.63,300.41,299.18,299.83,0
SSCB,20200622,203.61,204.51,202.7,203.8,0
SSCE,20200622,278.26,279.1,276.48,277.96,0
SSCH,20200622,609.45,609.96,606.47,608.34,0
SSCK,20200622,262.4,263.36,262.14,262.77,0
SSCL,20200622,203.18,206.65,201.9,203.81,0
SSCM,20200622,10388.34,10465.29,10325.16,10454.67,0
SSCP,20200622,191.26,191.9,190.22,191.11,0
SSCQ,20200622,420.02,425.01,417.77,423.69,0
SSCS,20200622,330.33,331.33,329.08,330.8,0
SSCU,20200622,354.05,356.37,350.62,353.59,0
SSCW,20200622,285.75,286.63,284.11,285.64,0
SSDI,20200622,14.56,14.56,14.56,14.56,0
SSEN,20200622,225.71,225.73,220.54,222.02,0
SSER,20200622,256.29,256.9,256.02,256.9,0
SSEW,20200622,281.49,282.51,279.9,282.46,0
SSFB,20200622,26.91,26.94,26.71,26.8,0
SSFD,20200622,3.22,12.9,0.01,3.22,0
SSFI,20200622,58.06,80.64,58.06,77.41,0
SSGC,20200622,238.65,240.14,237.73,240.1,0
SSGD,20200622,3705.76,3742.79,698.35,3742.39,0
SSGE,20200622,1337.88,1344,1321.93,1342.16,0
SSGF,20200622,1140.09,1142.9,1131.25,1137.81,0
SSGG,20200622,224.47,225.38,222.48,225.14,0
SSGH,20200622,3900.26,3913.03,3864.94,3892.12,0
SSGI,20200622,5915.15,6006.18,5904,6003.77,0
SSGL,20200622,2447.53,2460.41,2436.91,2458.36,0
SSGM,20200622,2537.38,2560.12,2534.24,2556.43,0
SSGN,20200622,2510.76,2516.81,2487.94,2512.51,0
SSGO,20200622,226.04,231.38,224.4,231.27,0
SSGP,20200622,165.65,166.67,165,166.65,0
SSGR,20200622,299.45,301.2,298.18,301.16,0
SSGS,20200622,2952.18,2959.05,2937.11,2942.53,0
SSGT,20200622,1273.1,1282.5,1272.68,1281.59,0
SSGU,20200622,1633.8,1653.71,1625,1647.52,0
SSGX,20200622,225.26,230.58,223.63,230.47,0
SSGZ,20200622,407.2,416.82,404.26,416.62,0
SSHE,20200622,1682.88,1690.62,1668.14,1671.39,0
SSHJ,20200622,1770.92,1783.55,1768.35,1774.9,0
SSHX,20200622,2970.88,2998.39,2955.2,2996.11,0
SSIA,20200622,76.69,76.98,76.2,76.73,0
SSIB,20200622,23.7,23.79,23.55,23.71,0
SSIC,20200622,42.86,43.02,42.58,42.88,0
SSIP,20200622,110.08,110.57,110.05,110.21,0
SSIS,20200622,116.53,117.05,116.49,116.66,0
SSIT,20200622,136.74,137.35,136.69,136.9,0
SSLF,20200622,932.25,937.61,930.23,937.02,0
SSLS,20200622,251.42,251.98,251.16,251.98,0
SSNI,20200622,248.29,248.87,244.6,247.97,0
SSOF,20200622,29.03,35.48,29.03,32.25,0
SSOH,20200622,25.8,25.8,25.8,25.8,0
SSPA,20200622,1352.65,1365.37,1352.65,1363.83,0
SSPE,20200622,1460.67,1466.94,1446.41,1451.17,0
SSPF,20200622,552.41,555,544.41,548.37,0
SSPI,20200622,2223.09,2231.44,2188.11,2205.72,0
SSPL,20200622,1118.36,1138.7,1117.98,1137.92,0
SSPN,20200622,6965.95,7025.48,6929.85,7018.48,0
SSPT,20200622,829.52,831.48,816.29,819.11,0
SSPU,20200622,1481.97,1488.56,1463.15,1473.4,0
SSRF,20200622,734.09,734.85,730.42,732.47,0
SSRW,20200622,6003.27,6047.48,5898.65,6041.53,0
SSTH,20200622,25.8,25.8,25.8,25.8,0
SSTU,20200622,422.1,429.71,418.89,427.42,0
SSTW,20200622,16.12,22.58,16.12,22.58,0
SSUC,20200622,245.62,247.13,244.57,247.07,0
SSUP,20200622,44.88,45.13,44.66,45.12,0
SSUT,20200622,81.14,81.59,80.75,81.58,0
SSWP,20200622,70.94,71.2,70.54,71.18,0
STCE,20200622,840.15,840.89,833.54,837.42,0
STCL,20200622,786.77,793.63,784.4,789.49,0
STFE,20200622,1542.13,1542.13,1521.91,1535.78,0
STFU,20200622,1444.61,1450.47,1432.05,1447.87,0
STIC,20200622,1107.8,1115.97,1106.82,1113.8,0
STIF,20200622,1788.31,1788.31,1767.41,1779.07,0
STIL,20200622,638.97,651.87,636.3,651.87,0
STIR,20200622,2255.7,2265.94,2239.74,2260.46,0
STIS,20200622,909.3,916.03,908.48,914.24,0
STMP,20200622,158.59,159.81,156.64,159.79,0
STNC,20200622,643.32,644.52,641.89,644,14831300
STNU,20200622,641.41,641.53,639.28,640.72,15060000
STRA,20200622,154.89,156.09,154.64,156.02,0
STRB,20200622,128.86,129.4,128.77,129.34,0
STRC,20200622,140.8,141.64,140.63,141.58,0
STRD,20200622,126.88,127.3,126.83,127.24,0
STRL,20200622,4220.26,4269.02,4168.8,4187.85,0
STRN,20200622,5597.87,5645.77,5570.67,5640.27,0
STRS,20200622,132.74,133.53,131.75,131.88,0
STRT,20200622,415.75,416.42,412.55,412.74,0
STRU,20200622,1340.97,1343.02,1327.98,1331.68,0
STSI,20200622,781.48,794.43,763.23,763.82,0
STSU,20200622,1322.5,1327.31,1316.1,1320.86,0
STSY,20200622,1185.98,1195.37,1184.34,1189.29,0
STTR,20200622,2232.77,2278.18,2232.77,2275.68,0
SUCD,20200622,417.81,422.28,415.02,421.89,0
SUCS,20200622,435.66,436.18,433.04,434.49,0
SUEP,20200622,225.52,227.44,221.77,226.75,0
SUFD,20200622,0.01,32.14,0.01,21.42,0
SUFI,20200622,28.57,46.42,28.57,42.85,0
SUFP,20200622,174.75,175.03,172.62,173.92,0
SUHC,20200622,467.88,467.88,461.54,466.19,0
SUIP,20200622,359.48,362.23,355.59,361.18,0
SUJP,20200622,121.56,122.18,121.12,121.38,0
SUKP,20200622,1258.41,1261.57,1244.15,1247.96,0
SUKS,20200622,948.66,954.59,938.3,945.61,0
SUMI,20200622,317.47,320.1,314.69,318.73,0
SUNI,20200622,169.99,170.86,168.5,170.16,0
SUOF,20200622,7.14,17.85,7.14,17.85,0
SUOH,20200622,10.71,17.85,10.71,14.28,0
SUPI,20200622,358.31,365.17,356.04,363.12,0
SURI,20200622,278.63,279.96,273.68,279.05,0
SUTH,20200622,14.28,17.85,14.28,14.28,0
SUTP,20200622,256.26,261.18,256.18,261.06,0
SUTW,20200622,3.57,14.28,3.57,10.71,0
SVFD,20200622,31.14,55.73,29.5,42.62,0
SVFI,20200622,52.45,62.29,52.45,57.37,0
SVOF,20200622,63.93,70.49,60.65,70.49,0
SVOH,20200622,57.37,60.65,57.37,60.65,0
SVTH,20200622,62.29,62.29,62.29,62.29,0
SVTR,20200622,148.2,148.74,147.24,148.27,0
SVTW,20200622,34.42,39.34,34.42,37.7,0
SW0B,20200622,37.1,37.2,36.7,37.02,0
SW0C,20200622,72.87,73.73,72.66,73.56,0
SW0D,20200622,102.06,102.15,101.04,101.82,0
SW0E,20200622,109.72,110.01,108.71,109.73,0
SW0F,20200622,145.23,145.66,144.2,144.43,0
SW0G,20200622,193.8,195.58,193.62,194,0
SW0H,20200622,50.95,51.22,50.67,50.98,0
SW0I,20200622,174.3,174.37,172.68,173.81,0
SW1A,20200622,56.84,56.88,56.28,56.73,0
SW1B,20200622,399.38,400.09,397.03,399.03,0
SW1C,20200622,242.91,244.11,242.81,243.72,0
SW1J,20200622,75.54,76.09,75.35,75.83,0
SWFI,20200622,944.54,945.18,930.91,938.48,0
SWIB,20200622,2746.95,2758.87,2727.01,2741.7,0
SWIT,20200622,2842.5,2860.38,2817.34,2832.78,0
SWML,20200622,219.53,221.64,216.75,221.29,0
SWSP,20200622,183.3,185.45,182.21,185.36,0
SWUB,20200622,2637.88,2655.78,2613.08,2652.07,0
SWUL,20200622,630.73,632.78,627.22,627.31,0
SWUT,20200622,2329.56,2339.66,2296.24,2332.29,0
SXTR,20200622,801.93,817.14,797.49,812.72,0
SYFD,20200622,17.46,34.92,17.46,30.15,0
SYFI,20200622,74.6,82.53,73.01,80.95,0
SYOF,20200622,52.38,60.31,52.38,60.31,0
SYOH,20200622,31.74,34.92,30.15,33.33,0
SYTH,20200622,28.57,28.57,28.57,28.57,0
SYTR,20200622,1021.71,1023.16,1006.21,1020.26,0
SYTW,20200622,22.22,38.09,22.22,36.5,0
SZTR,20200622,3812.13,3859.58,3803.73,3859.58,0
TACK,20200622,9995,10528,9630,10145,0
TACX,20200622,-5,528,-370,145,0
TICK,20200622,9998,10969,9026,9868,0
TICX,20200622,-2,969,-974,-132,0
TNX,20200622,0.69,0.7,0.67,0.7,0
TOOC,20200622,17931.75,18001.56,17873.7,17977.47,240802500
TQCK,20200622,9996,10796,9218,10382,0
TQCX,20200622,-4,796,-782,382,0
TRIA,20200622,0.83,1.5,0.55,1.25,0
TRIN,20200622,0.01,1.16,0.01,0.95,0
TRIQ,20200622,2581.93,2581.93,0.29,0.77,0
TTCD,20200622,177.86,179.23,176.54,179.11,7715400
TTCS,20200622,631.17,632.46,620.39,621.05,5958200
TTEN,20200622,76.95,77.68,75.63,77.35,51012600
TTFS,20200622,261.79,262.37,259.98,262.05,37908600
TTGD,20200622,323.73,332.3,323.04,327.2,113350100
TTHC,20200622,56.65,56.95,55.92,56.77,5405900
TTIN,20200622,268.32,269.95,266.77,268.68,14073900
TTMT,20200622,293.69,299.52,292.45,296.36,65208500
TTRE,20200622,269.6,271.61,267.09,270.24,10451500
TTTK,20200622,158.19,160.59,158.19,160.37,5855100
TTTS,20200622,160.97,161.46,159.61,159.84,10715500
TTUT,20200622,279.77,282.76,277.7,279.19,11837100
TXBE,20200622,127.8,130.61,127.64,130.45,40938600
TXBM,20200622,88.06,89.49,87.92,89.18,42665800
TXCT,20200622,167.51,168.67,166.07,167.47,6798200
TXCX,20200622,15477.44,15537.69,15427.33,15516.9,240802500
TXDC,20200622,118.62,118.88,118.09,118.69,186600200
TXDE,20200622,276.28,276.63,273.91,275.87,21756900
TXDV,20200622,227.87,228.63,226.36,227.94,95796700
TXEI,20200622,89.88,90.12,89.25,89.87,96788900
TXEW,20200622,141.89,142.57,141.36,142.28,144440000
TXFO,20200622,903.88,910.9,901.02,908.06,96362400
TXGM,20200622,86.65,88.24,86.58,87.55,175122700
TXOE,20200622,129.69,130.78,128.34,130.51,46933400
TXPR,20200622,533.7,535.35,533.65,535.35,1743700
TXSC,20200622,98.62,99.6,98,99.4,0
TXSI,20200622,161.29,162.39,160.91,162.25,40149100
TXSX,20200622,933.35,936.1,929.78,935.25,144440000
TXTW,20200622,496.38,500.94,493.98,500.02,65993500
TYX,20200622,1.45,1.46,1.42,1.46,0
UNCA,20200622,9,11,1,7,2058000
UNCC,20200622,61,110,61,103,18670400
UNCE,20200622,24,47,24,45,15616700
UNCN,20200622,22,46,17,45,85326100
UNCQ,20200622,76,76,39,54,73377000
UNCS,20200622,125,215,125,214,42121300
UNCT,20200622,107,112,65,106,160761100
UNCU,20200622,351,720,351,705,2234981000
UNCV,20200622,175,342,175,342,38383500
UNCX,20200622,361,660,361,659,99175100
UTY,20200622,735.82,750.24,731.25,745.89,0
UVCA,20200622,0.09,8.81,0.01,2.05,0
UVCC,20200622,6.12,23.64,4.85,18.67,0
UVCE,20200622,0.32,21.92,0.32,15.61,0
UVCN,20200622,0.93,87.05,0.93,85.32,0
UVCQ,20200622,2.48,73.37,2.48,73.37,0
UVCS,20200622,8.5,45.23,7.67,42.12,0
UVCT,20200622,3.51,160.76,3.51,160.76,0
UVCU,20200622,227.79,2236.41,227.79,2234.98,0
UVCV,20200622,5.8,38.5,5.8,38.38,0
UVCX,20200622,20.43,99.38,19.1,99.17,0
VFWA,20200622,26.37,26.6,25.82,26.18,0
VFWB,20200622,38.13,38.48,36.89,36.96,0
VIX,20200622,35.22,35.39,31.64,31.77,0
VWA,20200622,35.71,35.92,31.98,32.09,0
VWB,20200622,34.68,34.87,31.3,31.33,0
VXB,20200622,35.2,35.4,31.64,31.71,0
VXD,20200622,36.3,37.53,29.51,34.7,0
VXDE,20200622,37.02,37.45,35.4,35.4,0
VXJU,20200622,32.45,32.69,31.4,31.4,0
VXMA,20200622,33.81,34.1,32.58,32.58,0
VXN,20200622,32.11,33.4,31.1,31.38,0
VXO,20200622,32.74,32.74,29.14,29.56,0
VXSE,20200622,35.82,36.38,33.72,33.72,0
VXV,20200622,35.88,36.33,33.75,33.75,0
XAU,20200622,119.79,123.37,119.79,121.7,0
XAX,20200622,1982.13,2000.92,1979.51,1991.82,0
XDS,20200622,105.24,105.65,105.13,105.51,0
XEO,20200622,1421.49,1434.71,1416.01,1433.74,0
XOI,20200622,810.22,818.96,800.79,816.18,0
XSP,20200622,309.44,312.09,307.94,311.79,0
Y0FD,20200622,53.55,60.4,53.55,58.62,0
Y0FI,20200622,72.08,74.11,71.82,72.08,0
Y0OF,20200622,65.98,67.51,65.98,66.75,0
Y0OH,20200622,61.42,62.94,60.65,62.43,0
Y0TH,20200622,61.67,63.7,60.91,63.7,0
Y0TW,20200622,54.06,56.85,53.8,55.58,0
Y1FD,20200622,7.69,26.92,7.69,19.23,0
Y1FI,20200622,76.92,84.61,76.92,80.76,0
Y1OF,20200622,26.92,34.61,26.92,34.61,0
Y1OH,20200622,15.38,15.38,15.38,15.38,0
Y1TH,20200622,15.38,15.38,15.38,15.38,0
Y1TW,20200622,19.23,53.84,19.23,50,0
Y2FD,20200622,0.01,15.78,0.01,5.26,0
Y2FI,20200622,68.42,78.94,68.42,73.68,0
Y2OF,20200622,21.05,31.57,21.05,31.57,0
Y2OH,20200622,10.52,10.52,10.52,10.52,0
Y2TH,20200622,10.52,10.52,10.52,10.52,0
Y2TW,20200622,10.52,42.1,10.52,36.84,0
Y3FD,20200622,58.21,58.21,48.21,54.64,0
Y3FI,20200622,90.35,91.42,87.14,89.64,0
Y3OF,20200622,70,72.14,68.57,71.78,0
Y3OH,20200622,35.35,35.71,31.78,33.57,0
Y3TH,20200622,25.71,25.71,22.14,22.85,0
Y3TW,20200622,80,80,75.35,78.92,0
Y5FD,20200622,34.06,51.52,34.06,44.97,0
Y5FI,20200622,74.23,78.6,74.23,76.85,0
Y5OF,20200622,49.34,52.4,49.34,51.52,0
Y5OH,20200622,33.18,34.06,32.75,33.18,0
Y5TH,20200622,31.44,32.75,30.56,31.44,0
Y5TW,20200622,40.17,52.4,40.17,48.9,0
Y6FD,20200622,13.33,40,6.66,40,0
Y6FI,20200622,93.33,100,93.33,100,0
Y6OF,20200622,80,80,80,80,0
Y6OH,20200622,26.66,33.33,26.66,26.66,0
Y6TH,20200622,26.66,33.33,26.66,33.33,0
Y6TW,20200622,33.33,40,33.33,33.33,0
Y7FD,20200622,81.81,81.81,36.36,45.45,0
Y7FI,20200622,63.63,63.63,63.63,63.63,0
Y7OF,20200622,72.72,72.72,63.63,63.63,0
Y7OH,20200622,72.72,72.72,63.63,72.72,0
Y7TH,20200622,72.72,72.72,63.63,63.63,0
Y7TW,20200622,90.9,90.9,63.63,63.63,0
Y8FD,20200622,9.09,27.27,4.54,18.18,0
Y8FI,20200622,59.09,72.72,59.09,72.72,0
Y8OF,20200622,9.09,9.09,9.09,9.09,0
Y8OH,20200622,0.01,0.01,0.01,0.01,0
Y8TH,20200622,0.01,0.01,0.01,0.01,0
Y8TW,20200622,9.09,18.18,9.09,18.18,0
Y9FD,20200622,15.38,46.15,15.38,42.3,0
Y9FI,20200622,92.3,92.3,88.46,88.46,0
Y9OF,20200622,19.23,30.76,19.23,26.92,0
Y9OH,20200622,3.84,3.84,3.84,3.84,0
Y9TH,20200622,3.84,3.84,3.84,3.84,0
Y9TW,20200622,30.76,50,30.76,46.15,0
YAFD,20200622,100,100,100,100,0
YAFI,20200622,72.97,75.67,59.45,70.27,0
YAOF,20200622,94.59,97.29,94.59,94.59,0
YAOH,20200622,86.48,86.48,83.78,86.48,0
YATH,20200622,86.48,86.48,86.48,86.48,0
YATW,20200622,86.48,89.18,81.08,83.78,0
YBFD,20200622,30,40,30,40,0
YBFI,20200622,70,80,70,80,0
YBOF,20200622,50,60,50,50,0
YBOH,20200622,10,10,10,10,0
YBTH,20200622,10,10,0.01,10,0
YBTW,20200622,20,30,20,30,0
YCFD,20200622,16.12,45.16,16.12,32.25,0
YCFI,20200622,70.96,74.19,70.96,74.19,0
YCOF,20200622,54.83,61.29,51.61,58.06,0
YCOH,20200622,38.7,41.93,35.48,35.48,0
YCTH,20200622,32.25,41.93,32.25,38.7,0
YCTW,20200622,35.48,64.51,35.48,58.06,0
YDFD,20200622,85.1,95.74,82.97,93.61,0
YDFI,20200622,80.85,82.97,70.21,78.72,0
YDOF,20200622,87.23,87.23,87.23,87.23,0
YDOH,20200622,65.95,70.21,63.82,68.08,0
YDTH,20200622,61.7,61.7,59.57,59.57,0
YDTW,20200622,74.46,87.23,72.34,80.85,0
YEFD,20200622,8,28,8,12,0
YEFI,20200622,76,84,76,80,0
YEOF,20200622,24,36,24,36,0
YEOH,20200622,20,20,20,20,0
YETH,20200622,20,20,20,20,0
YETW,20200622,24,48,24,44,0
YFFD,20200622,43.75,62.5,37.5,50,0
YFFI,20200622,87.5,93.75,75,87.5,0
YFOF,20200622,81.25,81.25,81.25,81.25,0
YFOH,20200622,75,75,68.75,75,0
YFTH,20200622,68.75,68.75,62.5,68.75,0
YFTW,20200622,56.25,56.25,50,50,0
YGFD,20200622,37.5,62.5,25,25,0
YGFI,20200622,37.5,75,37.5,37.5,0
YGOF,20200622,25,25,12.5,12.5,0
YGOH,20200622,0.01,0.01,0.01,0.01,0
YGTH,20200622,0.01,0.01,0.01,0.01,0
YGTW,20200622,0.01,37.5,0.01,0.01,0
YHFD,20200622,18.75,87.5,18.75,37.5,0
YHFI,20200622,56.25,62.5,56.25,56.25,0
YHOF,20200622,25,31.25,25,31.25,0
YHOH,20200622,31.25,31.25,31.25,31.25,0
YHTH,20200622,37.5,37.5,31.25,31.25,0
YHTW,20200622,37.5,62.5,37.5,43.75,0
YIFD,20200622,20,44,20,38,0
YIFI,20200622,76,84,76,84,0
YIOF,20200622,40,44,40,42,0
YIOH,20200622,24,24,22,22,0
YITH,20200622,20,22,20,22,0
YITW,20200622,28,44,28,38,0
YJFD,20200622,34.78,65.21,34.78,65.21,0
YJFI,20200622,91.3,95.65,91.3,95.65,0
YJOF,20200622,78.26,82.6,78.26,82.6,0
YJOH,20200622,43.47,52.17,43.47,52.17,0
YJTH,20200622,43.47,43.47,39.13,39.13,0
YJTW,20200622,47.82,65.21,43.47,52.17,0
YKFD,20200622,34.78,65.21,34.78,65.21,0
YKFI,20200622,91.3,95.65,91.3,95.65,0
YKOF,20200622,78.26,82.6,78.26,82.6,0
YKOH,20200622,43.47,52.17,43.47,52.17,0
YKTH,20200622,43.47,43.47,39.13,39.13,0
YKTW,20200622,47.82,65.21,43.47,52.17,0
YLFD,20200622,34.06,51.52,34.06,44.97,0
YLFI,20200622,74.23,78.6,74.23,76.85,0
YLOF,20200622,49.34,52.4,49.34,51.52,0
YLOH,20200622,33.18,34.06,32.75,33.18,0
YLTH,20200622,31.44,32.75,30.56,31.44,0
YLTW,20200622,40.17,52.4,40.17,48.9,0
YMFD,20200622,33.33,66.66,33.33,44.44,0
YMFI,20200622,83.33,83.33,77.77,77.77,0
YMOF,20200622,50,61.11,50,61.11,0
YMOH,20200622,50,50,50,50,0
YMTH,20200622,44.44,44.44,44.44,44.44,0
YMTW,20200622,50,61.11,38.88,55.55,0
YNFD,20200622,34.06,51.52,34.06,46.39,0
YNFI,20200622,74.23,78.6,74.23,76.57,0
YNOF,20200622,49.34,55.4,49.34,55.4,0
YNOH,20200622,33.18,36.93,32.75,36.93,0
YNTH,20200622,31.44,35.58,30.56,35.58,0
YNTW,20200622,40.17,52.4,40.17,50.45,0
YOFD,20200622,28.14,47.3,28.14,39.52,0
YOFI,20200622,71.25,75.44,71.25,73.05,0
YOOF,20200622,42.51,46.7,42.51,45.5,0
YOOH,20200622,28.74,29.94,28.74,29.34,0
YOTH,20200622,27.54,29.34,26.34,27.54,0
YOTW,20200622,36.52,51.49,36.52,47.3,0
YPFD,20200622,0.01,14.28,0.01,14.28,0
YPFI,20200622,85.71,85.71,85.71,85.71,0
YPOF,20200622,28.57,42.85,28.57,42.85,0
YPOH,20200622,0.01,0.01,0.01,0.01,0
YPTH,20200622,0.01,0.01,0.01,0.01,0
YPTW,20200622,14.28,28.57,14.28,14.28,0
YQFD,20200622,26.82,41.46,24.39,29.26,0
YQFI,20200622,70.73,75.6,70.73,70.73,0
YQOF,20200622,40.24,46.34,40.24,43.9,0
YQOH,20200622,28.04,28.04,26.82,28.04,0
YQTH,20200622,26.82,28.04,24.39,25.6,0
YQTW,20200622,31.7,50,31.7,41.46,0
YRFD,20200622,12.12,40.9,12.12,31.81,0
YRFI,20200622,69.69,75.75,69.69,74.24,0
YROF,20200622,24.24,28.78,24.24,27.27,0
YROH,20200622,13.63,13.63,13.63,13.63,0
YRTH,20200622,15.15,15.15,12.12,13.63,0
YRTW,20200622,22.72,43.93,22.72,37.87,0
YSFD,20200622,26.66,40,21.66,28.33,0
YSFI,20200622,60,66.66,60,63.33,0
YSOF,20200622,43.33,45,41.66,41.66,0
YSOH,20200622,26.66,28.33,25,26.66,0
YSTH,20200622,23.33,25,21.66,23.33,0
YSTW,20200622,28.33,36.66,23.33,28.33,0
YTFD,20200622,36.68,57.98,36.68,50.88,0
YTFI,20200622,79.28,83.43,78.69,81.65,0
YTOF,20200622,51.47,56.21,51.47,55.02,0
YTOH,20200622,35.5,36.68,34.91,35.5,0
YTTH,20200622,34.31,35.5,33.13,34.31,0
YTTW,20200622,44.37,58.57,44.37,56.21,0
YUFD,20200622,100,100,100,100,0
YUFI,20200622,75,78.12,59.37,71.87,0
YUOF,20200622,96.87,96.87,96.87,96.87,0
YUOH,20200622,87.5,87.5,84.37,87.5,0
YUTH,20200622,87.5,87.5,87.5,87.5,0
YUTW,20200622,90.62,90.62,84.37,87.5,0
YVFD,20200622,72.97,82.43,72.97,81.08,0
YVFI,20200622,75.67,78.37,68.91,75.67,0
YVOF,20200622,85.13,87.83,85.13,86.48,0
YVOH,20200622,70.27,72.97,67.56,71.62,0
YVTH,20200622,70.27,70.27,67.56,67.56,0
YVTW,20200622,64.86,70.27,60.81,64.86,0
YWFD,20200622,14,40,14,38,0
YWFI,20200622,80,86,80,84,0
YWOF,20200622,26,28,26,26,0
YWOH,20200622,4,8,4,8,0
YWTH,20200622,4,4,4,4,0
YWTW,20200622,22,42,22,36,0
YXFD,20200622,11.11,33.33,11.11,16.66,0
YXFI,20200622,50,61.11,50,61.11,0
YXOF,20200622,11.11,11.11,11.11,11.11,0
YXOH,20200622,0.01,0.01,0.01,0.01,0
YXTH,20200622,0.01,0.01,0.01,0.01,0
YXTW,20200622,11.11,16.66,11.11,16.66,0
YYFD,20200622,16.66,43.33,16.66,30,0
YYFI,20200622,70,73.33,70,73.33,0
YYOF,20200622,56.66,63.33,53.33,60,0
YYOH,20200622,40,43.33,36.66,36.66,0
YYTH,20200622,33.33,43.33,33.33,40,0
YYTW,20200622,36.66,66.66,36.66,60,0
YZFD,20200622,42,56,30,36,0
YZFI,20200622,54,64,54,58,0
YZOF,20200622,44,48,40,44,0
YZOH,20200622,38,40,36,38,0
YZTH,20200622,38,42,34,36,0
YZTW,20200622,38,48,32,34,0
Z0FD,20200622,0.01,12.5,0.01,0.01,0
Z0FI,20200622,50,62.5,50,62.5,0
Z0OF,20200622,0.01,0.01,0.01,0.01,0
Z0OH,20200622,0.01,0.01,0.01,0.01,0
Z0TH,20200622,0.01,0.01,0.01,0.01,0
Z0TW,20200622,0.01,0.01,0.01,0.01,0
Z1FD,20200622,61.11,61.11,53.41,60.68,0
Z1FI,20200622,91.88,93.16,91.02,92.73,0
Z1OF,20200622,67.94,70.94,67.09,70.94,0
Z1OH,20200622,30.34,31.19,28.2,30.76,0
Z1TH,20200622,21.36,21.36,18.37,19.23,0
Z1TW,20200622,88.46,89.74,86.32,89.31,0
Z2FD,20200622,26.66,40,21.66,28.33,0
Z2FI,20200622,60,66.66,60,63.33,0
Z2OF,20200622,43.33,45,41.66,41.66,0
Z2OH,20200622,26.66,28.33,25,26.66,0
Z2TH,20200622,23.33,25,21.66,23.33,0
Z2TW,20200622,28.33,36.66,23.33,28.33,0
Z3FD,20200622,26.66,40,21.66,28.33,0
Z3FI,20200622,60,66.66,60,63.33,0
Z3OF,20200622,43.33,45,41.66,41.66,0
Z3OH,20200622,26.66,28.33,25,26.66,0
Z3TH,20200622,23.33,25,21.66,23.33,0
Z3TW,20200622,28.33,36.66,23.33,28.33,0
Z4FD,20200622,34,62,34,52,0
Z4FI,20200622,66,76,66,70,0
Z4OF,20200622,52,54,52,52,0
Z4OH,20200622,30,36,30,34,0
Z4TH,20200622,24,24,24,24,0
Z4TW,20200622,46,64,46,58,0
Z5FD,20200622,40.2,52.76,37.18,51.75,0
Z5FI,20200622,77.88,81.4,76.38,81.4,0
Z5OF,20200622,52.26,54.27,51.25,53.76,0
Z5OH,20200622,35.17,36.68,34.17,36.18,0
Z5TH,20200622,30.65,32.16,30.65,31.15,0
Z5TW,20200622,49.24,55.27,47.73,53.26,0
Z6FD,20200622,31,51,31,49,0
Z6FI,20200622,78,84,78,84,0
Z6OF,20200622,46,49,46,48,0
Z6OH,20200622,29,31,29,31,0
Z6TH,20200622,25,28,25,28,0
Z6TW,20200622,47,58,47,55,0
Z7FD,20200622,23.8,33.33,9.52,28.57,0
Z7FI,20200622,76.19,76.19,71.42,76.19,0
Z7OF,20200622,57.14,57.14,57.14,57.14,0
Z7OH,20200622,42.85,42.85,42.85,42.85,0
Z7TH,20200622,28.57,33.33,23.8,28.57,0
Z7TW,20200622,19.04,28.57,19.04,19.04,0
Z8FD,20200622,13.33,20,6.66,6.66,0
Z8FI,20200622,66.66,66.66,60,60,0
Z8OF,20200622,40,40,40,40,0
Z8OH,20200622,20,20,20,20,0
Z8TH,20200622,6.66,13.33,0.01,6.66,0
Z8TW,20200622,0.01,13.33,0.01,0.01,0
